8 134217728 3745986.938 3759920.835 3770262.957 0.569584581365 0.571151293402 0.573275797151 1.13916916273 1.1423025868 1.1465515943
16 67108864 1876249.075 1880788.803 1885013.103 1.13924070055 1.14179946445 1.14456213549 2.27848140109 2.28359892889 2.28912427099
24 33554432 937031.984 939774.99 943587.78 1.70690291898 1.71382804729 1.71884499516 3.41380583797 3.42765609457 3.43768999031
32 33554432 947477.818 948808.908 955018.997 2.2486292469 2.26334684455 2.26652656896 4.4972584938 4.52669368909 4.53305313793
40 16777216 472583.055 473967.075 478554.01 2.80465162125 2.8317943393 2.84008761169 5.60930324249 5.6635886786 5.68017522338
48 16777216 474735.022 475591.183 475871.086 3.38455683353 3.3865487704 3.39265624266 6.76911366706 6.77309754079 6.78531248533
56 16777216 474883.08 476742.029 477779.865 3.93287438348 3.941435992 3.95686490241 7.86574876696 7.882871984 7.91372980482
64 16777216 477900.982 478305.817 481111.05 4.46359244503 4.489771129 4.49357446183 8.92718489006 8.979542258 8.98714892367
72 8388608 239001.036 239153.862 239514.112 5.04337528137 5.05097238196 5.05420215835 10.0867505627 10.1019447639 10.1084043167
80 8388608 240175.009 240194.082 243466.139 5.51278828963 5.58788654918 5.58833029959 11.0255765793 11.1757730984 11.1766605992
88 8388608 242227.077 245456.934 251958.847 5.85966726542 6.01488409368 6.09508658687 11.7193345308 12.0297681874 12.1901731737
96 8388608 239073.992 239094.019 239199.877 6.7333342985 6.73631545756 6.73687975227 13.466668597 13.4726309151 13.4737595045
104 8388608 240088.94 240561.008 240966.082 7.24097951678 7.25317240107 7.26743374351 14.4819590336 14.5063448021 14.534867487
112 8388608 242104.053 242492.199 245857.0 7.64285007952 7.74890161312 7.76132480525 15.285700159 15.4978032262 15.5226496105
120 8388608 260754.108 262763.977 271607.876 7.41239889524 7.66187946683 7.72093653842 14.8247977905 15.3237589337 15.4418730768
128 8388608 240717.888 240946.054 241632.223 8.88740591523 8.91271557408 8.92116354893 17.7748118305 17.8254311482 17.8423270979
136 4194304 121463.06 121599.913 123970.032 9.20263284275 9.38200250193 9.3925732482 18.4052656855 18.7640050039 18.7851464964
144 4194304 131827.116 132122.993 132302.999 9.13025072092 9.14268988744 9.16321003336 18.2605014418 18.2853797749 18.3264200667
152 4194304 153094.053 153128.147 153654.099 8.29830394567 8.32680627945 8.32866065673 16.5966078913 16.6536125589 16.6573213135
160 4194304 121888.161 122545.958 124449.968 10.7848744485 10.9524402265 11.0115475448 21.569748897 21.9048804531 22.0230950896
176 4194304 153388.977 153405.905 153469.086 9.62014596216 9.62410806807 9.62517018417 19.2402919243 19.2482161361 19.2503403683
192 4194304 133016.109 133466.959 133836.985 12.0341379179 12.0675015604 12.108403622 24.0682758357 24.1350031209 24.216807244
208 4194304 176402.807 177999.973 181477.07 9.61460565789 9.80241982396 9.89117176576 19.2292113158 19.6048396479 19.7823435315
224 4194304 154685.974 154889.822 155143.976 12.1116413311 12.1315149552 12.147502087 24.2232826623 24.2630299104 24.2950041741
240 4194304 197676.182 197978.02 200123.787 10.0601030501 10.1691385741 10.1846661526 20.1202061002 20.3382771481 20.3693323053
264 2097152 99650.145 99652.052 99682.093 11.1082765487 11.1116252378 11.1118378804 22.2165530975 22.2232504756 22.2236757608
288 2097152 99689.96 99767.923 102596.045 11.7739387712 12.1076946946 12.1171635739 23.5478775425 24.2153893892 24.2343271479
312 2097152 131014.109 131160.021 133185.148 9.82559142405 9.97729977491 9.98841161451 19.6511828481 19.9545995498 19.976823229
336 2097152 132174.969 132230.043 133236.17 10.5773540623 10.6578362377 10.6622770912 21.1547081247 21.3156724754 21.3245541824
368 2097152 142534.971 142549.992 142764.091 10.8115693603 10.8278074965 10.8289485813 21.6231387205 21.6556149929 21.6578971627
400 2097152 154175.997 154340.982 154349.089 10.8696566392 10.8702275848 10.8818599046 21.7393132784 21.7404551696 21.7637198091
440 2097152 175217.152 175332.069 175747.871 10.5008029372 10.525705711 10.532609045 21.0016058744 21.0514114221 21.0652180901
480 2097152 165073.156 165194.988 165427.208 12.170101547 12.187209457 12.196204209 24.340203094 24.374418914 24.392408418
528 1048576 98920.107 99085.093 99436.998 11.135656529 11.1752052955 11.1938440989 22.2713130579 22.350410591 22.3876881977
576 1048576 99371.91 99447.966 102278.948 11.8104416952 12.1466491532 12.1559458 23.6208833904 24.2932983064 24.3118916
632 1048576 120321.989 120573.997 120772.839 10.9743223309 10.9924203972 11.0154434365 21.9486446617 21.9848407945 22.0308868731
688 1048576 126122.952 126123.19 131437.063 10.9774255683 11.4399308803 11.439952468 21.9548511366 22.8798617606 22.8799049359
752 1048576 137140.989 140593.052 142521.858 11.065378505 11.2171852134 11.499540112 22.1307570099 22.4343704268 22.9990802239
824 1048576 153347.015 153402.09 153993.13 11.2216255881 11.2648611763 11.268906982 22.4432511762 22.5297223525 22.537813964
904 1048576 159699.917 162932.158 164417.028 11.5305904204 11.6356735912 11.8711734083 23.0611808407 23.2713471824 23.7423468166
992 1048576 170578.957 170639.038 176440.954 11.7907704353 12.1916696694 12.1959637964 23.5815408706 24.3833393388 24.3919275928
1088 524288 94280.958 94532.967 96156.12 11.8645665819 12.0682839459 12.1005419567 23.7291331639 24.1365678917 24.2010839135
1192 524288 108348.846 108456.85 113780.975 10.9851633105 11.5244227727 11.5359105163 21.9703266209 23.0488455455 23.0718210326
1304 524288 118459.94 118825.912 120039.94 11.3907346505 11.5071122198 11.5426624731 22.781469301 23.0142244395 23.0853249461
1432 524288 129829.168 132422.924 133658.171 11.2343362233 11.3391306176 11.5656662916 22.4686724465 22.6782612352 23.1313325831
1568 524288 135189.056 138252.02 140436.888 11.7075163899 11.8925363116 12.1619842364 23.4150327797 23.7850726232 24.3239684727
1720 524288 154217.005 158169.985 226856.947 7.95016746831 11.4026104257 11.6948887705 15.9003349366 22.8052208515 23.3897775411
1888 524288 162307.978 165511.131 176150.084 11.2387768603 11.9611984767 12.1972531011 22.4775537206 23.9223969535 24.3945062023
2072 262144 91811.895 92054.844 96005.917 11.3151852505 11.8008427237 11.8320696463 22.630370501 23.6016854474 23.6641392926
2272 262144 97486.019 97651.005 100874.186 11.808594282 12.19836228 12.2190068711 23.617188564 24.3967245601 24.4380137423
2496 262144 106961.012 107139.826 110133.886 11.8821090904 12.2141587947 12.2345780348 23.7642181808 24.4283175894 24.4691560697
2744 262144 120588.064 121098.995 130066.872 11.0608200988 11.8799191686 11.9302543243 22.1216401975 23.7598383372 23.8605086487
3016 262144 130105.972 130385.16 136554.003 11.5796869609 12.1275504666 12.1535743801 23.1593739218 24.2551009333 24.3071487602
3312 262144 143566.132 143867.97 147046.089 11.8088272038 12.0696903974 12.0950660982 23.6176544077 24.1393807948 24.1901321964
3640 262144 159062.862 162667.036 165133.953 11.5567288576 11.7319917233 11.9978246085 23.1134577151 23.4639834465 23.995649217
4000 262144 170783.043 171044.827 182431.936 11.4955311333 12.260832653 12.2796266137 22.9910622666 24.5216653059 24.5592532275
4400 131072 97453.117 97732.067 98131.895 11.7539114067 11.8019973935 11.8357794549 23.5078228134 23.6039947871 23.6715589097
4840 131072 106089.115 106254.101 113748.789 11.1542019142 11.9409693184 11.9595394872 22.3084038284 23.8819386369 23.9190789743
5320 131072 116724.968 120412.111 125273.943 11.132451383 11.5819419527 11.9477957792 22.2649027659 23.1638839053 23.8955915584
5848 131072 131926.06 132132.053 136384.964 11.2403747967 11.6021667506 11.6202826947 22.4807495935 23.2043335011 23.2405653894
6432 131072 139532.089 140233.994 154402.971 10.9201927727 12.0235483559 12.0840318531 21.8403855454 24.0470967118 24.1680637061
7072 131072 153228.998 153529.882 162894.011 11.3809117758 12.0750588996 12.0987697642 22.7618235516 24.1501177992 24.1975395284
7776 131072 170794.01 171314.955 188156.128 10.8337249797 11.8987378773 11.9350306489 21.6674499594 23.7974757545 23.8700612978
8552 65536 93664.885 93951.941 98574.162 11.3714154019 11.9308630782 11.9674277505 22.7428308039 23.8617261564 23.9348555011
9400 65536 103468.895 106875.896 107966.185 11.4116915403 11.5281073293 11.90770231 22.8233830805 23.0562146585 23.8154046199
10336 65536 112413.883 112539.053 115024.805 11.777982949 12.0381339267 12.0515380827 23.555965898 24.0762678534 24.1030761654
11368 65536 123729.944 124083.996 130511.045 11.4168612779 12.0082085042 12.042569873 22.8337225558 24.0164170084 24.085139746
12504 65536 137278.795 140915.871 144968.987 11.3053441423 11.6305159693 11.9386558427 22.6106882847 23.2610319387 23.8773116853
13752 65536 150911.808 151602.983 160654.068 11.2197728102 11.8896218816 11.9440762647 22.4395456205 23.7792437633 23.8881525295
15120 65536 165178.061 166418.076 175410.986 11.2980873387 11.9086140619 11.9980137072 22.5961746775 23.8172281237 23.9960274143
16632 32768 91771.126 92985.153 97676.039 11.1592849501 11.7222450771 11.8773169679 22.3185699002 23.4444901543 23.7546339357
18288 32768 100124.121 100177.05 106525.183 11.2510707257 11.9640413448 11.9703659421 22.5021414514 23.9280826896 23.9407318842
20112 32768 109678.984 110013.008 114635.944 11.497790187 11.9809471258 12.0174347348 22.995580374 23.9618942516 24.0348694696
22120 32768 120726.824 121345.043 122931.957 11.7923472088 11.9465639812 12.0077400529 23.5846944176 23.8931279624 24.0154801057
24328 32768 133147.955 133447.886 140658.14 11.3349985148 11.9474339818 11.9743469436 22.6699970297 23.8948679637 23.9486938872
26760 32768 146009.922 149699.926 152898.073 11.4700161067 11.715058296 12.0111245591 22.9400322135 23.430116592 24.0222491181
29432 32768 160984.993 161875.01 168646.812 11.4372488227 11.9157092376 11.9815860849 22.8744976454 23.8314184753 23.9631721697
32368 32768 176980.972 177016.02 187304.02 11.3252734672 11.9834874154 11.9858605365 22.6505469343 23.9669748309 23.9717210729
35600 16384 97164.869 97416.162 101081.848 11.540556718 11.9748178952 12.0057878121 23.0811134359 23.9496357904 24.0115756241
39160 16384 107187.033 109817.982 113180.161 11.3376308062 11.6847428502 11.971549581 22.6752616123 23.3694857004 23.943099162
43072 16384 117609.978 120857.0 122057.199 11.5632941569 11.6781261822 12.0005404303 23.1265883137 23.3562523644 24.0010808607
47376 16384 129838.943 131685.972 135552.883 11.4524806381 11.7887785952 11.9564803296 22.9049612763 23.5775571904 23.9129606593
52112 16384 142447.948 145519.018 147209.883 11.5998055375 11.7345900176 11.9875789015 23.199611075 23.4691800353 23.9751578029
57320 16384 156555.176 156779.051 164552.927 11.4143321194 11.9803108133 11.9974427418 22.8286642388 23.9606216267 23.9948854837
63048 16384 172057.152 178184.032 180181.026 11.4660067703 11.5945118135 12.0073873128 22.9320135406 23.189023627 24.0147746256
69352 8192 94960.213 95074.892 100723.028 11.2810664111 11.9512433209 11.9656762775 22.5621328223 23.9024866418 23.931352555
76280 8192 104134.083 107559.919 116185.188 10.7567198669 11.6193051428 12.0015607186 21.5134397338 23.2386102857 24.0031214372
83904 8192 114484.787 114576.101 119685.888 11.4857579199 11.9979919373 12.0075616335 22.9715158399 23.9959838745 24.015123267
92288 8192 126078.129 127997.875 136029.005 11.1156189961 11.8130601153 11.9929333025 22.2312379922 23.6261202305 23.985866605
101512 8192 138743.162 138960.123 144201.994 11.5336311369 11.9687042016 11.9874203818 23.0672622738 23.9374084031 23.9748407637
111656 8192 152884.007 154331.207 164047.003 11.151510668 11.8535449801 11.965750636 22.3030213359 23.7070899601 23.9315012721
122816 8192 167609.93 174068.928 177156.925 11.3583894279 11.5598881841 12.0053587756 22.7167788558 23.1197763681 24.0107175512
135096 4096 92219.114 92582.941 96758.842 11.4377808697 11.9536754833 12.0008356619 22.8755617394 23.9073509665 24.0016713238
148600 4096 101709.127 101762.056 105957.985 11.4888103997 11.9625255999 11.9687508477 22.9776207994 23.9250511998 23.9375016954
163456 4096 111566.067 115000.01 115139.961 11.6295987976 11.6437516136 12.0021399697 23.2591975952 23.2875032272 24.0042799393
179800 4096 123136.997 123452.187 128984.928 11.419331102 11.931109815 11.9616495114 22.838662204 23.86221963 23.9232990228
197776 4096 134909.868 135410.07 145200.968 11.1581969068 11.9649963404 12.0093586631 22.3163938136 23.9299926808 24.0187173261
217552 4096 148717.88 148884.058 165923.119 10.7410347319 11.9702942541 11.9836699125 21.4820694637 23.9405885081 23.9673398249
239304 4096 163693.905 172070.98 179197.073 10.9397901159 11.3928471146 11.9758788087 21.8795802318 22.7856942292 23.9517576174
263232 2048 89882.135 90179.92 93305.111 11.5556185556 11.9560792691 11.9956904896 23.1112371111 23.9121585382 23.9913809791
289552 2048 99134.922 101974.964 102146.149 11.6108634893 11.6303546035 11.9635439064 23.2217269787 23.260709207 23.9270878127
318504 2048 109969.854 112280.846 117295.027 11.1223162428 11.6190109932 11.8631819226 22.2446324856 23.2380219864 23.7263638451
350352 2048 119655.848 119688.034 124537.945 11.5229281485 11.9898518176 11.9930769451 23.0458562971 23.9797036352 23.9861538903
385384 2048 131787.062 132733.822 140987.158 11.1962882747 11.8924690046 11.9779046596 22.3925765494 23.7849380092 23.9558093191
423920 2048 145298.004 147975.922 148554.087 11.6885126156 11.7341814569 11.9504485416 23.3770252312 23.4683629138 23.9008970832
466312 2048 159428.835 160043.955 169739.008 11.2526517888 11.9343086217 11.9803544447 22.5053035776 23.8686172433 23.9607088893
512936 2048 175103.903 175385.952 187635.183 11.197184997 11.9792140251 11.9985095706 22.394369994 23.9584280502 23.9970191413
564224 1024 96257.925 96506.119 103750.944 11.1375444642 11.9736526966 12.0045258819 22.2750889283 23.9473053931 24.0090517638
620640 1024 105957.985 106467.009 107932.091 11.7765782931 11.9386346244 11.9959880324 23.5531565862 23.8772692487 23.9919760649
682704 1024 116498.947 116537.094 125093.937 11.177022848 11.9977060008 12.0016345899 22.3540456961 23.9954120016 24.0032691798
750968 1024 128380.06 131548.882 134288.073 11.4528597339 11.6913381598 11.9799170058 22.9057194677 23.3826763195 23.9598340116
826064 1024 140997.171 141017.914 141355.991 11.9682162746 11.9969089317 11.9986738741 23.9364325492 23.9938178635 23.9973477482
908664 1024 155197.859 155661.821 158996.105 11.7043362289 11.9550436969 11.990783146 23.4086724577 23.9100873939 23.9815662921
999528 1024 170562.983 170878.887 186513.901 10.9752320499 11.9794398239 12.0016272464 21.9504640997 23.9588796479 24.0032544928
1099480 512 93838.93 94127.178 94134.092 11.960252615 11.9611311411 11.9978725248 23.9205052299 23.9222622822 23.9957450495
1209424 512 103204.012 103241.92 106371.164 11.6427246768 11.9956135647 12.0000196892 23.2854493535 23.9912271294 24.0000393783
1330360 512 113511.086 114135.027 116482.973 11.6951740234 11.9357630677 12.0013708617 23.3903480468 23.8715261354 24.0027417234
1463392 512 124890.089 125313.997 134245.872 11.1624542764 11.958068882 11.9986575396 22.3249085529 23.9161377639 23.9973150792
1609728 512 137424.946 138025.999 202651.978 8.13395205054 11.9423984173 11.9946306692 16.2679041011 23.8847968345 23.9892613383
1770696 512 151257.038 151367.903 178781.033 10.1419746467 11.9787132415 11.9874931307 20.2839492934 23.9574264829 23.9749862615
1947760 512 166581.869 170804.977 176205.873 11.3191813987 11.6770967394 11.9731292005 22.6383627974 23.3541934788 23.946258401
2142536 256 91674.089 91931.82 119554.043 9.17558624094 11.9325216448 11.9660685366 18.3511724819 23.8650432897 23.9321370731
2356784 256 101202.011 101370.096 111008.167 10.8701318165 11.9036427469 11.9234133401 21.740263633 23.8072854937 23.8468266802
2592456 256 111310.959 111399.889 118129.969 11.2362466801 11.9150699692 11.924589312 22.4724933603 23.8301399385 23.849178624
2851696 256 122998.953 124323.13 125030.994 11.677651319 11.744140869 11.8705754512 23.355302638 23.4882817381 23.7411509023
3136864 256 134906.054 139410.019 147743.94 10.8706615513 11.5205089241 11.9051319076 21.7413231027 23.0410178482 23.8102638151
3450544 256 148887.157 149371.147 169081.926 10.4486539147 11.8274416678 11.8658893326 20.8973078293 23.6548833357 23.7317786651
3795592 256 166465.998 167768.002 186802.864 10.403176174 11.5835146204 11.6741143978 20.806352348 23.1670292408 23.3482287956
4175144 256 180935.144 181539.059 190809.965 11.2031556004 11.7752826294 11.8145854959 22.4063112008 23.5505652588 23.6291709918
4592656 128 100311.041 100867.987 103904.009 11.3154434301 11.6560265647 11.7207430436 22.6308868602 23.3120531294 23.4414860873
5051920 128 112034.082 112066.031 120730.877 10.7121852515 11.5404419025 11.5437329151 21.424370503 23.080883805 23.0874658303
5557112 128 125607.014 127888.918 137668.133 10.3336962665 11.1238776139 11.3259652204 20.667392533 22.2477552277 22.6519304408
6112816 128 138996.124 139136.076 147323.847 10.622047468 11.2471254112 11.2584498831 21.244094936 22.4942508225 22.5168997662
6724096 128 152981.997 154253.006 160229.921 10.7431156756 11.159384317 11.2520990035 21.4862313513 22.3187686339 22.504198007
7396504 128 168957.949 168962.955 175629.139 10.7812691834 11.2066282458 11.2069602834 21.5625383667 22.4132564916 22.4139205667
8136152 128 188116.074 188658.953 198523.045 10.4917538012 11.0403184099 11.0721793609 20.9835076024 22.0806368198 22.1443587218
8949760 64 102295.876 102766.037 108469.009 10.5612588385 11.1473528944 11.1985871258 21.1225176769 22.2947057888 22.3971742517
9844736 64 112681.866 115257.025 121593.952 10.3633954426 10.9331835348 11.1830434899 20.7267908851 21.8663670696 22.3660869798
10829208 64 124165.058 124218.941 132186.89 10.4862034654 11.1588346579 11.1636771756 20.9724069308 22.3176693158 22.3273543512
11912128 64 136318.922 136373.997 152467.966 10.0004769789 11.1806679979 11.1851851645 20.0009539578 22.3613359957 22.3703703291
13103336 64 149392.843 150752.068 161971.092 10.355100946 11.1257313432 11.2269568898 20.7102018921 22.2514626864 22.4539137795
14413664 64 164305.21 164814.949 178271.055 10.3491225314 11.194063422 11.2287917833 20.6982450628 22.388126844 22.4575835666
15855024 64 181766.033 185445.07 200069.904 10.1436699445 10.9436345329 11.1651392645 20.287339889 21.8872690657 22.330278529
17440520 32 101653.099 101977.825 120429.993 9.26839944265 10.945450935 10.9804156586 18.5367988853 21.8909018701 21.9608313171
19184568 32 109127.045 109493.971 119765.043 10.2518424512 11.2135156008 11.2512196404 20.5036849024 22.4270312016 22.5024392807
21103024 32 120070.934 120498.896 128402.948 10.5183997489 11.208347801 11.2482970775 21.0367994978 22.4166956019 22.4965941549
23213320 32 132314.92 132527.828 142864.943 10.3989995642 11.2101171688 11.2281553736 20.7979991284 22.4202343375 22.4563107471
25534648 32 145459.89 145730.019 154828.072 10.5550463226 11.2140071292 11.2348323101 21.1100926452 22.4280142583 22.4696646203
28088112 32 159717.798 159929.991 176481.009 10.1860204573 11.2401630036 11.2550961165 20.3720409146 22.4803260071 22.5101922329
30896920 32 175972.939 180028.915 185238.123 10.6749239734 10.983807129 11.2369713846 21.3498479468 21.967614258 22.4739427691
33986608 16 96652.985 98622.084 109680.891 9.91577882058 11.0276665417 11.252331793 19.8315576412 22.0553330834 22.5046635859
37385264 16 106377.125 109117.985 109640.121 10.9114112342 10.9636229811 11.2461062282 21.8228224684 21.9272459622 22.4922124564
41123784 16 116806.03 117005.11 120364.904 10.9330963119 11.2470394498 11.2662084997 21.8661926237 22.4940788996 22.5324169994
45236160 16 128733.873 134624.958 136657.0 10.5926306007 10.7525167807 11.2445705723 21.1852612014 21.5050335615 22.4891411447
49759776 16 140946.15 141026.974 146712.065 10.8533189278 11.290838815 11.2973134208 21.7066378556 22.58167763 22.5946268415
54735752 16 155256.987 158365.011 159979.105 10.9485802161 11.0601707596 11.2815796432 21.8971604323 22.1203415191 22.5631592864
60209320 16 170717.955 172858.953 178156.853 10.8146176111 11.1460714447 11.2858559019 21.6292352223 22.2921428895 22.5717118038
66230248 16 188158.989 189726.114 198748.827 10.6635494055 11.1706706648 11.2637081399 21.327098811 22.3413413295 22.5274162799
72853272 8 102908.85 103340.864 105935.097 11.003457636 11.279684598 11.3270370041 22.0069152719 22.5593691959 22.6540740082
80138592 8 113435.984 113767.862 151446.104 8.46649361148 11.270471726 11.3034455804 16.932987223 22.540943452 22.6068911607
88152448 8 124755.144 125372.887 143274.069 9.84434362648 11.2499536523 11.3056594123 19.688687253 22.4999073045 22.6113188247
96967688 8 137203.932 139111.996 152413.845 10.1794099348 11.1527621816 11.3078611187 20.3588198697 22.3055243633 22.6157222375
106664456 8 151633.978 152555.943 167558.908 10.1852615081 11.186921089 11.254939813 20.3705230163 22.373842178 22.5098796261
117330896 8 165739.059 166085.005 166553.974 11.2713872321 11.3032138934 11.3268070142 22.5427744642 22.6064277868 22.6536140283
129063984 8 183199.883 183523.178 185009.003 11.1617473232 11.2521141281 11.2719708669 22.3234946464 22.5042282561 22.5439417338
141970376 4 100302.935 100620.985 101006.985 11.2444006521 11.2875361735 11.3233277571 22.4888013042 22.575072347 22.6466555141
156167408 4 110650.063 111518.145 112841.845 11.0715955061 11.2030133213 11.2909042266 22.1431910122 22.4060266426 22.5818084532
171784144 4 121494.055 121550.083 126654.863 10.8505360114 11.3062296469 11.3114436093 21.7010720228 22.6124592938 22.6228872186
188962552 4 133467.913 136237.86 136948.109 11.0384906154 11.0960375919 11.3263209263 22.0769812309 22.1920751838 22.6526418526
207858800 4 146722.078 146739.006 147627.115 11.2639903584 11.3321634467 11.3334708905 22.5279807168 22.6643268934 22.6669417809
228644680 4 161549.091 161701.918 164447.069 11.1230771769 11.3119093615 11.322610537 22.2461543538 22.623818723 22.645221074
251509144 4 177613.974 177690.983 182667.017 11.0149778819 11.3234398169 11.3283493786 22.0299557637 22.6468796337 22.6566987573
276660056 2 97615.004 98051.071 100794.077 10.9792187888 11.2863654901 11.336784087 21.9584375776 22.5727309802 22.673568174
304326056 2 107522.011 107527.971 111590.147 10.9087070564 11.3208146 11.3214421185 21.8174141127 22.6416291999 22.642884237
334758656 2 118304.014 118357.897 120927.811 11.0730080444 11.3134371085 11.3185899508 22.1460160889 22.6268742169 22.6371799016
368234520 2 129992.008 131875.038 133227.825 11.0557841802 11.1691954925 11.3309895174 22.1115683604 22.338390985 22.6619790349
405057968 2 143019.915 143153.191 145681.858 11.1217133982 11.3181680456 11.3287151094 22.2434267965 22.6363360912 22.6574302187
445563760 2 157629.013 161450.863 163612.127 10.8931719957 11.0389935791 11.3066434033 21.7863439915 22.0779871582 22.6132868065
490120136 2 173518.181 174266.1 176947.832 11.0794267544 11.2499249366 11.2984157205 22.1588535089 22.4998498733 22.596831441
539132144 1 95106.125 95376.015 95463.991 11.2949843884 11.3054030198 11.3374852356 22.5899687768 22.6108060397 22.6749704711
593045352 1 104737.997 104740.143 104806.9 11.3169142871 11.3241272164 11.324359239 22.6338285743 22.6482544329 22.648718478
652349880 1 114968.061 115510.941 118307.829 11.0280086367 11.2950318706 11.3483670913 22.0560172734 22.5900637412 22.6967341825
717584864 1 126559.973 126579.046 126811.028 11.3173889577 11.3381303885 11.3398390817 22.6347779154 22.676260777 22.6796781633
789343344 1 139188.051 139519.93 140595.198 11.228596072 11.315133888 11.3421136129 22.4571921439 22.6302677761 22.6842272258
868277672 1 153364.897 153432.131 153733.015 11.2959167814 11.3180683386 11.3230300934 22.5918335629 22.6361366773 22.6460601868
955105432 1 168779.135 169424.057 171092.033 11.1648148105 11.2747321592 11.3178140414 22.329629621 22.5494643184 22.6356280828
1050615968 1 185543.06 186618.09 188658.953 11.1377271133 11.2595297487 11.3247670702 22.2754542267 22.5190594974 22.6495341405

META_DATA
ERT_VERSION  1.1.0
TIMESTAMP_DATA  1494195116.14
HOSTNAME  ('c4ba798bf1f2', [], ['172.17.0.9'])
UNAME  ('Linux', 'c4ba798bf1f2', '4.9.12-moby', '#1 SMP Tue Feb 28 12:11:36 UTC 2017', 'x86_64', 'x86_64')
FLOPS          32
CONFIG  {'ERT_WORKING_SET_MIN': ['1'], 'ERT_CFLAGS': ['-Ofast', '-march=native'], 'ERT_CC': ['cc'], 'ERT_MPI_CFLAGS': [], 'ERT_MPI_LDFLAGS': [], 'ERT_MEMORY_MAX': ['1073741824', '#', '1GB'], 'ERT_LDFLAGS': [], 'ERT_LDLIBS': [], 'ERT_RUN': ['export', 'OMP_NUM_THREADS=ERT_OPENMP_THREADS', ';', './ERT_CODE'], 'ERT_FLOPS': ['1,4,16,32,64'], 'ERT_OPENMP_CFLAGS': ['-fopenmp'], 'ERT_MPI': ['False'], 'ERT_TRIALS_MIN': ['1'], 'ERT_DRIVER': ['driver1'], 'ERT_RESULTS': ['Results'], 'ERT_OPENMP': ['True'], 'ERT_OPENMP_THREADS': ['1,2,4,8', '#', ',16'], 'ERT_KERNEL': ['kernel1'], 'ERT_GPU': [False], 'ERT_LD': ['cc'], 'ERT_NUM_EXPERIMENTS': ['3'], 'ERT_OPENMP_LDFLAGS': ['-fopenmp'], 'ERT_ALIGN': ['64'], 'ERT_GNUPLOT': ['gnuplot']}
OPENMP_THREADS 1
TIMESTAMP_DATA  1494194981.9
TIMESTAMP_DATA  1494195049.08
