64 16777216 3637338.877 3637732.029 3657251.12 0.587185177484 0.59033585511 0.590399663221 2.34874070994 2.36134342044 2.36159865288
128 8388608 1765561.104 1816634.893 1825522.184 1.17636677704 1.18212176606 1.21631794172 4.70546710814 4.72848706424 4.86527176688
192 4194304 912092.924 918782.949 931672.096 1.72873347062 1.75298500887 1.7658428145 6.91493388249 7.01194003547 7.06337125799
256 4194304 884257.078 918763.876 931436.777 2.30556029247 2.33736186641 2.42857388584 9.22224116989 9.34944746565 9.71429554336
320 2097152 431190.968 456058.979 474585.056 2.82810691789 2.94299058193 3.11272122936 11.3124276716 11.7719623277 12.4508849174
384 2097152 427596.092 447386.98 493072.033 3.26648568202 3.60004382783 3.76666851296 13.0659427281 14.4001753113 15.0666740518
448 2097152 489466.906 532282.829 534147.024 3.51784828441 3.53016871788 3.83896882295 14.0713931376 14.1206748715 15.3558752918
512 2097152 434792.995 461525.917 463464.975 4.63354031877 4.65300770531 4.93909440284 18.5341612751 18.6120308212 19.7563776114
576 1048576 198928.118 216890.097 232658.863 5.19197737161 5.56945461645 6.07234193006 20.7679094864 22.2778184658 24.2893677203
640 1048576 220463.991 270586.014 271934.986 4.93565502454 4.96026110204 6.0879659935 19.7426200982 19.8410444082 24.351863974
704 1048576 327950.001 330712.08 335839.033 4.39613881332 4.46429113808 4.50189054276 17.5845552533 17.8571645523 18.007562171
768 1048576 196143.866 223300.934 232108.116 6.93906255307 7.2127451827 8.21138467822 27.7562502123 28.8509807308 32.8455387129
832 1048576 234874.964 244013.071 251446.009 6.93918535808 7.15056147136 7.42876309286 27.7567414323 28.6022458854 29.7150523714
896 1048576 292363.167 307029.009 340086.937 5.52519955214 6.12009985024 6.42710301466 22.1007982085 24.480399401 25.7084120586
960 1048576 390010.118 392208.099 393267.155 5.11933400591 5.1331574364 5.16208638464 20.4773360237 20.5326297456 20.6483455386
1024 1048576 241288.9 267541.17 269104.958 7.9800969256 8.02674088627 8.90005154816 31.9203877024 32.1069635451 35.6002061927
1088 524288 163161.993 172596.931 179742.098 6.3471535088 6.60991294219 6.99213503723 25.3886140352 26.4396517688 27.9685401489
1152 524288 198664.904 200111.866 200591.087 6.02200013005 6.03642140841 6.08038726357 24.0880005202 24.1456856337 24.3215490543
1216 524288 195635.08 234961.033 235943.079 5.40413569834 5.42672288983 6.51758578267 21.6165427934 21.7068915593 26.0703431307
1280 524288 165409.088 171175.003 171519.995 7.82519425796 7.84096542414 8.11428982669 31.3007770319 31.3638616966 32.4571593067
1408 524288 186419.01 233858.109 235111.952 6.27954042932 6.31320852765 7.91976638005 25.1181617173 25.2528341106 31.6790655202
1536 524288 188231.945 200086.117 202847.958 7.93999975095 8.049597644 8.55653239943 31.7599990038 32.198390576 34.2261295977
1664 524288 237477.064 265566.826 271541.834 6.42564145015 6.57021244062 7.34736413955 25.7025658006 26.2808497625 29.3894565582
1792 524288 194788.933 231314.182 231979.847 8.10004927713 8.12335921539 9.64658598956 32.4001971085 32.4934368616 38.5863439583
1920 524288 295015.097 296977.997 306586.981 6.56670388753 6.77917536093 6.82428099603 26.2668155501 27.1167014437 27.2971239841
2112 262144 148130.178 148991.823 153352.022 7.22061725407 7.43192635478 7.47515645327 28.8824690163 29.7277054191 29.9006258131
2304 262144 114407.063 147688.866 151779.89 7.95862714092 8.1790833982 10.5584351204 31.8345085637 32.7163335928 42.2337404816
2496 262144 161231.995 178832.054 201225.042 6.50328028258 7.31760788253 8.11639679829 26.0131211303 29.2704315301 32.4655871932
2688 262144 169858.932 197500.944 199345.827 7.06955427765 7.13559193925 8.29680327909 28.2782171106 28.542367757 33.1872131164
2944 262144 213057.995 215505.838 220772.028 6.99139236969 7.16223693207 7.24452453427 27.9655694788 28.6489477283 28.9780981371
3200 262144 210134.983 232777.119 233070.85 7.19833303907 7.20741629249 7.98401853917 28.7933321563 28.82966517 31.9360741567
3520 262144 256669.998 261904.955 265732.05 6.94494232066 7.04642552486 7.19014210613 27.7797692826 28.1857020995 28.7605684245
3840 262144 216947.079 248336.792 249042.034 8.08404062424 8.1069981769 9.27998629564 32.336162497 32.4279927076 37.1199451826
4224 131072 133172.989 148007.87 151595.116 7.30430033115 7.48133363449 8.31472105804 29.2172013246 29.925334538 33.2588842321
4608 131072 145372.152 148183.823 149234.056 8.09439604054 8.15176398843 8.30942883751 32.3775841622 32.6070559537 33.23771535
5056 131072 135578.871 157597.78 187556.028 7.06668870168 8.41001734923 9.77586001583 28.2667548067 33.6400693969 39.1034400633
5504 131072 188982.964 191900.969 192962.885 7.47729583334 7.51867269623 7.63476530086 29.9091833334 30.0746907849 30.5390612034
6016 131072 175890.923 184534.073 209532.022 7.52657416726 8.54616320098 8.96611534638 30.1062966691 34.1846528039 35.8644613855
6592 131072 196249.008 206250.906 232435.942 7.43453543859 8.37840318626 8.80541137818 29.7381417543 33.5136127451 35.2216455127
7232 131072 193994.999 216988.087 238305.092 7.95545488386 8.73700226686 9.77254783769 31.8218195354 34.9480090674 39.0901913508
7936 131072 219611.168 261990.07 265709.877 7.82949737318 7.94066272817 9.47299175605 31.3179894927 31.7626509127 37.8919670242
8704 65536 140022.993 143063.068 146009.207 7.81355307272 7.97445982355 8.14759535957 31.2542122909 31.8978392942 32.5903814383
9536 65536 147749.901 160799.026 162761.927 7.67933026499 7.77307315282 8.45958327918 30.71732106 31.0922926113 33.8383331167
10432 65536 146428.108 168760.061 187984.943 7.27368416948 8.10229088505 9.33798245894 29.0947366779 32.4091635402 37.3519298358
11456 65536 172946.93 194036.961 196030.855 7.65981881781 7.73852993915 8.68220576104 30.6392752712 30.9541197566 34.7288230442
12544 65536 198529.959 199927.092 208151.102 7.89891166658 8.22383375636 8.28170809223 31.5956466663 32.8953350254 33.1268323689
13760 65536 229959.011 230621.099 237102.985 7.6066133035 7.82040640609 7.84292258067 30.426453214 31.2816256244 31.3716903227
15104 65536 240287.066 252448.797 252825.975 7.8303326547 7.84203177645 8.23894319805 31.3213306188 31.3681271058 32.9557727922
16576 32768 120204.926 128120.899 137412.071 7.90559903576 8.47890347694 9.03727303156 31.6223961431 33.9156139078 36.1490921262
18176 32768 121731.043 124509.811 148469.925 8.02305474324 9.566975698 9.78536211178 32.092218973 38.267902792 39.1414484471
19968 32768 128184.795 135982.037 159399.986 8.20967981766 9.62349790362 10.2088773321 32.8387192707 38.4939916145 40.8355093285
21952 32768 157507.181 185739.994 186523.199 7.71296160324 7.74548464775 9.13384559908 30.8518464129 30.981938591 36.5353823963
24128 32768 162932.873 196435.928 200864.077 7.87225188106 8.04971180221 9.70493295113 31.4890075242 32.1988472088 38.8197318045
26496 32768 185921.907 193871.975 214122.057 8.10958889677 8.95664190763 9.33963019215 32.4383555871 35.8265676305 37.3585207686
29120 32768 205236.197 220014.095 240100.861 7.9483610015 8.67402754355 9.29859521807 31.793444006 34.6961101742 37.1943808723
32000 32768 223556.995 226767.063 255184.174 8.21818989449 9.24804498615 9.38083820638 32.872759578 36.9921799446 37.5233528255
35200 16384 108083.01 117717.028 142230.034 8.10963456565 9.79835814407 10.6717383241 32.4385382626 39.1934325763 42.6869532964
38720 16384 123336.077 128627.062 145905.972 8.69585351859 9.86399704908 10.2871519093 34.7834140744 39.4559881963 41.1486076373
42560 16384 144497.156 144737.005 179677.01 7.76173913402 9.63544934483 9.65144310522 31.0469565361 38.5417973793 38.6057724209
46784 16384 161342.144 169098.139 197044.134 7.78007485369 9.06584851298 9.50165947962 31.1202994147 36.2633940519 38.0066379185
51456 16384 190756.083 205585.003 206288.099 8.17356995471 8.20152337668 8.83909011698 32.6942798188 32.8060935067 35.3563604679
56576 16384 225608.826 229036.093 232738.018 7.96553302263 8.09428044164 8.2172422102 31.8621320905 32.3771217666 32.8689688408
62208 16384 224623.203 248455.048 259119.034 7.86677733601 8.20442877055 9.07489394139 31.467109344 32.8177150822 36.2995757656
68416 8192 126153.946 138622.999 142680.883 7.85618732118 8.08615995965 8.88539581631 31.4247492847 32.3446398386 35.5415832653
75200 8192 156522.036 158145.905 160660.028 7.66884467367 7.79076005794 7.871586848 30.6753786947 31.1630402317 31.486347392
82688 8192 167181.015 169837.952 171736.002 7.88862076806 7.97678125558 8.10355285856 31.5544830722 31.9071250223 32.4142114342
90944 8192 182102.919 186480.045 188525.915 7.90356326344 7.99027314692 8.18233175054 31.6142530538 31.9610925877 32.7293270022
100032 8192 187571.049 198449.85 201487.064 8.13414149506 8.25863203222 8.73761860766 32.5365659802 33.0345281289 34.9504744306
110016 8192 221372.128 222435.951 224309.206 8.03579209317 8.10346590062 8.14240781026 32.1431683727 32.4138636025 32.569631241
120960 8192 244906.902 244984.865 247532.845 8.00624515102 8.08951459103 8.0920897852 32.0249806041 32.3580583641 32.3683591408
133056 4096 98676.92 122035.98 130373.001 8.36058649904 8.93174907925 11.0460962097 33.4423459962 35.726996317 44.1843848389
146304 4096 148167.849 151052.952 151942.968 7.88797523029 7.93445180734 8.08895030932 31.5519009211 31.7378072293 32.3558012373
160896 4096 161047.22 161097.05 167461.872 7.87080674698 8.18177633917 8.18430788187 31.4832269879 32.7271053567 32.7372315275
176960 4096 148180.008 168809.175 188304.186 7.69848164714 8.58754460473 9.78307627032 30.7939265885 34.3501784189 39.1323050813
194624 4096 160929.918 174731.016 196602.106 8.10957644574 9.1246525345 9.90716846075 32.438305783 36.498610138 39.628673843
214080 4096 193337.917 199047.089 213671.923 8.20764532549 8.81069584494 9.07087128698 32.830581302 35.2427833798 36.2834851479
235456 4096 201128.006 229435.205 236243.963 8.16467658054 8.40697290549 9.59018880742 32.6587063222 33.627891622 38.3607552297
258944 4096 233552.933 259181.976 262290.001 8.0874956724 8.18447826017 9.08260590331 32.3499826896 32.7379130407 36.3304236132
284800 2048 127292.871 138804.913 143027.067 8.15608419069 8.40417514616 9.1642272724 32.6243367628 33.6167005847 36.6569090896
313280 2048 149774.075 156360.149 159815.073 8.02924815483 8.20666191614 8.56753667148 32.1169926193 32.8266476646 34.2701466859
344576 2048 165369.987 175666.094 185815.096 7.59563311261 8.03446620724 8.5347004109 30.3825324504 32.1378648289 34.1388016436
379008 2048 189387.798 190262.079 202670.097 7.65982150786 8.15935984805 8.19702633641 30.6392860314 32.6374393922 32.7881053456
416896 2048 188997.03 191712.141 214650.869 7.95527185124 8.9071354954 9.03509444566 31.821087405 35.6285419816 36.1403777827
458560 2048 230836.868 232728.004 233159.065 8.05570977907 8.07063064057 8.13674945546 32.2228391163 32.2825225623 32.5469978219
504384 2048 232131.004 236825.943 258353.949 7.99661422632 8.72352428045 8.89996092034 31.9864569053 34.8940971218 35.5998436814
554816 1024 126744.986 140147.924 141253.948 8.04411617578 8.10759899661 8.96495556834 32.1764647031 32.4303959865 35.8598222734
610240 1024 152889.013 155725.956 155936.003 8.0146438023 8.02545415101 8.17437103868 32.0585752092 32.101816604 32.6974841547
671232 1024 133903.027 179960.012 182013.035 7.55266311558 7.63882554087 10.2662588501 30.2106524623 30.5553021635 41.0650354006
738304 1024 188157.082 188419.819 192572.117 7.8518459243 8.02488082212 8.03608652902 31.4073836972 32.0995232885 32.1443461161
812096 1024 203770.876 209735.155 211403.131 7.86730357366 7.92987045019 8.16197407916 31.4692142947 31.7194818008 32.6478963166
893248 1024 213598.967 223567.963 224900.007 8.13415672326 8.18262097777 8.56451662521 32.536626893 32.7304839111 34.2580665009
982528 1024 250459.909 250730.991 255583.048 7.87304697923 8.02540338542 8.03408957559 31.4921879169 32.1016135417 32.1363583024
1080768 512 138850.927 142434.12 143481.97 7.71320906731 7.76995309832 7.97046484249 30.8528362693 31.0798123933 31.8818593699
1188800 512 109771.013 149729.967 154193.878 7.89480889767 8.13017744137 11.0897327694 31.5792355907 32.5207097655 44.3589310777
1307648 512 155359.03 165928.841 170974.97 7.8317402366 8.06991445206 8.61894897258 31.3269609464 32.2796578083 34.4757958903
1438400 512 179869.89 180104.017 182948.112 8.05103471087 8.17817183944 8.18881692761 32.2041388435 32.7126873578 32.7552677105
1582208 512 161962.032 163559.914 200101.852 8.09678159301 9.90573394408 10.0034617496 32.387126372 39.6229357763 40.0138469984
1740416 512 194718.838 202368.975 221897.125 8.03158663728 8.80661664665 9.15261205493 32.1263465491 35.2264665866 36.6104482197
1914432 512 213618.994 226761.818 244817.972 8.00749369822 8.64509900869 9.17698530122 32.0299747929 34.5803960348 36.7079412049
2105856 256 96011.162 133848.906 137796.879 7.82454784045 8.0553386966 11.2299262871 31.2981913618 32.2213547864 44.9197051484
2316416 256 138270.855 145210.028 149812.222 7.91661038176 8.16751438131 8.57740405236 31.666441527 32.6700575252 34.3096162094
2548032 256 139873.981 159941.196 162525.177 8.02701715563 8.15670019124 9.32691251563 32.1080686225 32.626800765 37.3076500625
2802816 256 133767.843 179923.773 181718.826 7.89704525166 7.97583203193 10.7278532704 31.5881810066 31.9033281277 42.9114130815
3083072 256 166423.082 180289.984 195295.095 8.08280855185 8.75552168223 9.48505967459 32.3312342074 35.0220867289 37.9402386984
3391360 256 186990.976 195796.967 212495.089 8.17137152756 8.86824932278 9.28588297223 32.6854861102 35.4729972911 37.1435318889
3730496 256 212980.032 220129.013 237535.954 8.04094672758 8.67679333119 8.96804237498 32.1637869103 34.7071733248 35.8721694999
4103488 256 261193.991 265985.012 266908.169 7.87156820217 7.89888813735 8.04377561657 31.4862728087 31.5955525494 32.1751024663
4513792 128 141049.147 142367.84 147387.981 7.84006093414 8.11651530289 8.19239801571 31.3602437366 32.4660612116 32.7695920628
4965120 128 146625.996 157998.085 159607.887 7.96370871071 8.04484889801 8.66879512962 31.8548348428 32.179395592 34.6751805185
5461632 128 174159.05 175619.125 180059.91 7.76506992589 7.96142101266 8.02816616191 31.0602797036 31.8456840506 32.1126646476
6007744 128 154459.953 192454.815 194015.026 7.92713067492 7.99139509188 9.95715998955 31.7085226997 31.9655803675 39.8286399582
6608512 128 191911.936 210950.851 211184.025 8.01092351564 8.01977837008 8.8153926601 32.0436940626 32.0791134803 35.2615706404
7269312 128 200948.954 229830.027 232569.218 8.00167747049 8.09704413427 9.26077909318 32.006709882 32.3881765371 37.0431163727
7996224 128 224405.05 228420.973 252878.189 8.09493832622 8.96166983756 9.12204669191 32.3797533049 35.8466793502 36.4881867676
8795840 64 107467.175 115983.009 139036.179 8.09765866768 9.70717633304 10.4763851846 32.3906346707 38.8287053322 41.9055407384
9675392 64 132926.941 155343.056 161360.025 7.67507426948 7.97235620239 9.31677330933 30.7002970779 31.8894248096 37.2670932373
10642880 64 152803.898 168308.973 172899.961 7.87905695363 8.09397512039 8.91527413784 31.5162278145 32.3759004816 35.6610965513
11707136 64 172667.027 185881.853 186131.954 8.05081221035 8.06164444681 8.67863096988 32.2032488414 32.2465777872 34.7145238795
12877824 64 161866.903 196105.003 204411.03 8.06395560944 8.40550443275 10.1834373887 32.2558224378 33.622017731 40.7337495547
14165568 64 192761.898 203355.074 229072.094 7.91538014229 8.91638781533 9.40638540507 31.6615205692 35.6655512613 37.6255416203
15582080 64 215628.862 227911.949 247191.906 8.06865512821 8.75121400502 9.24971834244 32.2746205129 35.0048560201 36.9988733697
17140288 32 106263.161 119424.82 136787.891 8.01955804699 9.1855146359 10.3232241699 32.078232188 36.7420585436 41.2928966794
18854272 32 123917.103 134819.984 149896.145 8.05006298194 8.95025627655 9.7377470808 32.2002519278 35.8010251062 38.9509883232
20739648 32 151487.112 173218.012 177711.964 7.46903833666 7.66281437291 8.76204882697 29.8761533467 30.6512574916 35.0481953079
22813568 32 119011.879 150031.09 181594.849 8.04025202279 9.7317719414 12.2682572888 32.1610080911 38.9270877656 49.0730291554
25094912 32 167115.927 201971.054 204805.136 7.84196333826 7.95200270629 9.6105404005 31.3678533531 31.8080108252 38.442161602
27604352 32 199280.977 220939.159 222486.019 7.94062717262 7.99622183771 8.86526428461 31.7625086905 31.9848873508 35.4610571384
30364736 32 220012.903 243642.092 247168.064 7.86243607912 7.97622072626 8.83285969823 31.4497443165 31.904882905 35.3314387929
33401152 32 270985.126 276380.062 276656.866 7.72680526208 7.73454391945 7.88852790393 30.9072210483 30.9381756778 31.5541116157
36741248 16 148646.116 152252.913 157330.99 7.47290750538 7.72215068227 7.90952342139 29.8916300215 30.8886027291 31.6380936855
40415360 16 162056.923 162276.983 168867.111 7.65863472373 7.96965469835 7.98047683529 30.6345388949 31.8786187934 31.9219073412
44456896 16 154499.054 154992.104 181720.018 7.82864038677 9.17866546285 9.20795716976 31.3145615471 36.7146618514 36.831828679
48902528 16 166156.054 169406.891 197860.003 7.90903099299 9.23740992331 9.41813950396 31.636123972 36.9496396932 37.6725580159
53792768 16 181318.045 186309.099 214962.006 8.00778057495 9.23931566005 9.49364182699 32.0311222998 36.9572626402 37.974567308
59172032 16 203929.186 208177.09 237863.064 7.96048361674 9.09564555831 9.28511048929 31.841934467 36.3825822332 37.1404419571
65089216 16 235003.948 260626.078 261554.956 7.96335479111 7.99173639101 8.86306349202 31.8534191644 31.9669455641 35.4522539681
71598080 8 116482.973 143717.051 144392.014 7.93374403656 7.97100463744 9.83465008229 31.7349761463 31.8840185498 39.3386003292
78757888 8 124888.897 158639.908 162262.917 7.76595312902 7.94331151528 10.0899778785 31.0638125161 31.7732460611 40.359911514
86633664 8 142196.894 177551.985 178197.861 7.77864906022 7.80694523916 9.74802321632 31.1145962409 31.2277809567 38.9920928653
95297024 8 165833.95 193778.038 203364.849 7.49762012215 7.86855104808 9.19445254726 29.9904804886 31.4742041923 36.777810189
104826688 8 183153.868 186192.036 211929.798 7.91406882764 9.00804913052 9.15747522187 31.6562753106 36.0321965221 36.6299008875
115309312 8 199661.016 231056.929 234504.938 7.86742065107 7.98482434604 9.24040671014 31.4696826043 31.9392973842 36.9616268406
126840192 8 222856.045 225790.977 257655.144 7.87658666733 8.98814956631 9.10652018436 31.5063466693 35.9525982653 36.4260807375
139524160 4 109589.1 138698.101 146039.963 7.64306739793 8.04764644903 10.1852582054 30.5722695917 32.1905857961 40.7410328217
153476544 4 120296.955 157696.009 159526.825 7.69658865837 7.78594436084 10.2065123095 30.7863546335 31.1437774433 40.8260492379
168824192 4 138518.095 169421.911 169777.155 7.95509581958 7.97177607092 9.7503040018 31.8203832783 31.8871042837 39.0012160072
185706560 4 154267.073 185106.039 195672.989 7.59252714231 8.02595359949 9.63039261139 30.3701085693 32.103814398 38.5215704456
204277184 4 196403.027 204879.999 205426.931 7.95522507222 7.97646173358 8.32073464937 31.8209002889 31.9058469343 33.2829385975
224704896 4 205754.995 225090.981 230213.165 7.80858543863 7.98627808193 8.73679478838 31.2343417545 31.9451123277 34.9471791535
247175360 4 248336.077 248492.002 251787.901 7.8534467786 7.95761177054 7.96260818761 31.4137871144 31.8304470822 31.8504327505
271892864 2 137392.998 137686.968 138612.032 7.84615476959 7.89886996422 7.915770613 31.3846190784 31.5954798569 31.663082452
299082112 2 119991.064 150002.003 150079.012 7.97132411826 7.97541648827 9.97014617689 31.885296473 31.9016659531 39.8805847075
328990272 2 165699.005 165719.986 168839.931 7.79413424423 7.94087134427 7.9418768266 31.1765369769 31.7634853771 31.7675073064
361889280 2 180813.074 184509.039 184761.047 7.83475274418 7.84545368533 8.00582108349 31.3390109767 31.3818147413 32.023284334
398078208 2 150859.118 199090.958 206249.952 7.72030643673 7.99791636946 10.5549658059 30.8812257469 31.9916654778 42.2198632236
437886016 2 219712.019 221155.882 222496.986 7.87221479036 7.91995242523 7.97199931061 31.4888591614 31.6798097009 31.8879972424
481674560 2 206144.81 242231.131 248474.836 7.75409804476 7.95396624722 9.34633396785 31.016392179 31.8158649889 37.3853358714
529841984 2 243510.008 254353.046 268979.788 7.87928324191 8.33238669373 8.7034120421 31.5171329676 33.3295467749 34.8136481684
582826176 1 134250.164 151902.914 154787.064 7.53068326175 7.67366682643 8.68268847701 30.122733047 30.6946673057 34.7307539081
641108736 1 147099.018 161494.017 168043.852 7.63025517887 7.93972120961 8.71669634124 30.5210207155 31.7588848384 34.8667853649
705219584 1 147789.001 176732.063 179101.944 7.87506342198 7.98066374634 9.54360039283 31.5002536879 31.9226549854 38.1744015713
775741504 1 162638.903 193367.004 195156.097 7.949959196 8.02351474608 9.53943355115 31.799836784 32.0940589843 38.1577342046
853315648 1 190241.814 219066.858 219521.046 7.7743402152 7.79045863706 8.97085272747 31.0973608608 31.1618345482 35.8834109099
938647168 1 204929.829 237562.895 238760.948 7.86265237982 7.90230450761 9.160669021 31.4506095193 31.6092180305 36.642676084
1032511872 1 224199.057 260092.974 261082.888 7.90945649414 7.93955988984 9.21067096192 31.6378259766 31.7582395594 36.8426838477

META_DATA
ERT_VERSION  1.1.0
OPENMP_THREADS 8
HOSTNAME  ('c4ba798bf1f2', [], ['172.17.0.9'])
UNAME  ('Linux', 'c4ba798bf1f2', '4.9.12-moby', '#1 SMP Tue Feb 28 12:11:36 UTC 2017', 'x86_64', 'x86_64')
TIMESTAMP_DATA  1494196720.87
TIMESTAMP_DATA  1494196883.71
CONFIG  {'ERT_WORKING_SET_MIN': ['1'], 'ERT_CFLAGS': ['-Ofast', '-march=native'], 'ERT_CC': ['cc'], 'ERT_MPI_CFLAGS': [], 'ERT_MPI_LDFLAGS': [], 'ERT_MEMORY_MAX': ['1073741824', '#', '1GB'], 'ERT_LDFLAGS': [], 'ERT_LDLIBS': [], 'ERT_RUN': ['export', 'OMP_NUM_THREADS=ERT_OPENMP_THREADS', ';', './ERT_CODE'], 'ERT_FLOPS': ['1,4,16,32,64'], 'ERT_OPENMP_CFLAGS': ['-fopenmp'], 'ERT_MPI': ['False'], 'ERT_TRIALS_MIN': ['1'], 'ERT_DRIVER': ['driver1'], 'ERT_RESULTS': ['Results'], 'ERT_OPENMP': ['True'], 'ERT_OPENMP_THREADS': ['1,2,4,8', '#', ',16'], 'ERT_KERNEL': ['kernel1'], 'ERT_GPU': [False], 'ERT_LD': ['cc'], 'ERT_NUM_EXPERIMENTS': ['3'], 'ERT_OPENMP_LDFLAGS': ['-fopenmp'], 'ERT_ALIGN': ['64'], 'ERT_GNUPLOT': ['gnuplot']}
FLOPS          64
TIMESTAMP_DATA  1494196802.12
