64 16777216 1886083.841 1886828.184 1887785.912 1.13756736627 1.1381447798 1.13859394865 2.27513473254 2.2762895596 2.27718789729
128 8388608 941591.024 942025.9 948526.144 2.26402156818 2.27964395459 2.28069681344 4.52804313636 4.55928790918 4.56139362688
192 4194304 431451.082 469570.875 478523.97 3.36579322453 3.4299672781 3.7330135517 6.73158644905 6.85993455621 7.46602710339
256 4194304 439201.832 441035.032 476675.034 4.50513136797 4.86919063609 4.88951432243 9.01026273593 9.73838127217 9.77902864485
320 2097152 219627.857 242524.862 243091.822 5.52127697657 5.53418428499 6.11114317798 11.0425539531 11.06836857 12.222286356
384 2097152 223941.088 237817.049 239700.079 6.71928329235 6.77248642506 7.19212695796 13.4385665847 13.5449728501 14.3842539159
448 2097152 222572.088 238661.051 247202.158 7.60126128025 7.87329220301 8.44242514362 15.2025225605 15.746584406 16.8848502872
512 2097152 239275.932 247011.9 248390.913 8.64558055713 8.69384692802 8.97492543462 17.2911611143 17.387693856 17.9498508692
576 1048576 105108.023 119899.035 120152.95 10.0535155566 10.0748062901 11.4925532564 20.1070311133 20.1496125803 22.9851065128
640 1048576 98465.919 104079.008 115577.936 11.6127465713 12.8957539641 13.6308815642 23.2254931426 25.7915079283 27.2617631284
704 1048576 105110.884 115401.983 124793.053 11.8307467644 12.7934977339 14.0460716513 23.6614935288 25.5869954678 28.0921433027
768 1048576 106118.917 106868.029 120811.939 13.3315692913 15.0710437076 15.1774328417 26.6631385827 30.1420874151 30.3548656834
832 1048576 99059.82 108887.911 130942.106 13.3252054461 16.024097147 17.6139070715 26.6504108923 32.048194294 35.227814143
896 1048576 122761.965 124907.97 126943.111 14.8022856632 15.0434611338 15.3064362565 29.6045713264 30.0869222677 30.6128725131
960 1048576 132263.899 133111.0 135459.9 14.8624494777 15.124714862 15.2215830262 29.7248989553 30.2494297241 30.4431660524
1024 1048576 96861.124 97513.914 104396.105 20.5705341976 22.0223305568 22.1707487929 41.1410683952 44.0446611137 44.3414975858
1088 524288 27300.119 54877.996 61003.923 18.701267589 20.7888547534 41.7892203327 37.4025351779 41.5777095067 83.5784406654
1152 524288 34186.125 56731.939 71907.043 16.7989045524 21.2924072981 35.3347901232 33.5978091047 42.5848145962 70.6695802464
1216 524288 51753.044 68631.172 80940.008 15.7532529031 18.5785610072 24.6375539959 31.5065058061 37.1571220145 49.2751079917
1280 524288 39062.023 61769.009 68073.988 19.7164485207 21.7289754479 34.3601579468 39.4328970414 43.4579508957 68.7203158935
1408 524288 47171.116 77486.992 78284.025 18.8594672796 19.0534561982 31.2987084724 37.7189345591 38.1069123963 62.5974169447
1536 524288 23393.869 58604.956 67257.881 23.9468254434 27.4825346853 68.8476427734 47.8936508868 54.9650693706 137.695285547
1664 524288 88622.093 88840.961 94868.183 18.3921564514 19.6399323506 19.688436652 36.7843129029 39.2798647011 39.376873304
1792 524288 62983.036 83966.017 86112.976 21.8207322437 22.3786748394 29.8341952268 43.6414644873 44.7573496787 59.6683904536
1920 524288 78145.027 101790.19 103026.152 19.5413094726 19.7785849501 25.7631994932 39.0826189451 39.5571699002 51.5263989863
2112 262144 15700.817 50081.968 51894.903 21.3372834708 22.109679396 70.5247539666 42.6745669416 44.219358792 141.049507933
2304 262144 22989.035 31236.887 50236.225 24.0455876611 38.6709326061 52.545030794 48.0911753222 77.3418652121 105.090061588
2496 262144 31383.038 53267.002 66869.02 19.5699420748 24.5672329747 41.6984119893 39.1398841496 49.1344659495 83.3968239786
2688 262144 31535.149 56882.143 69998.98 20.1329525659 24.7755458862 44.6893764161 40.2659051318 49.5510917723 89.3787528323
2944 262144 51419.02 64859.152 83324.909 18.523919084 23.7977806432 30.0181503265 37.0478381681 47.5955612864 60.0363006529
3200 262144 53217.888 75373.173 78353.167 21.4123010497 22.2588692133 31.5255201409 42.8246020994 44.5177384266 63.0510402818
3520 262144 65855.98 87934.971 88429.928 20.869560812 20.9870286987 28.0231766348 41.7391216241 41.9740573975 56.0463532697
3840 262144 58526.993 84906.101 91143.847 22.0888846177 23.7116755603 34.3989297383 44.1777692355 47.4233511206 68.7978594766
4224 131072 27472.973 31141.043 62132.12 17.821639693 35.5574556703 40.3049300853 35.6432793859 71.1149113406 80.6098601706
4608 131072 24883.986 45500.994 50144.911 24.0893747324 26.5479816111 48.5436518088 48.1787494647 53.0959632223 97.0873036177
5056 131072 51369.905 56245.804 62894.106 21.0735178269 23.5644256059 25.8011001578 42.1470356539 47.1288512117 51.6022003155
5504 131072 63313.961 65665.96 70168.972 20.5623730101 21.9724279672 22.7886638778 41.1247460202 43.9448559345 45.5773277556
6016 131072 58017.015 72802.067 73183.06 21.5494993514 21.6622737374 27.1826860448 43.0989987027 43.3245474747 54.3653720895
6592 131072 49188.852 58453.083 86920.977 19.8807388923 29.5630813519 35.130993665 39.7614777846 59.1261627039 70.26198733
7232 131072 53428.173 80104.113 80371.141 23.5883848905 23.6670170482 35.4836278605 47.1767697811 47.3340340964 70.9672557211
7936 131072 50464.869 52026.987 86235.046 24.1244700443 39.9864551833 41.2242184558 48.2489400887 79.9729103667 82.4484369116
8704 65536 16284.943 21456.003 47459.841 24.0382324079 53.1716316408 70.0555530345 48.0764648158 106.343263282 140.111106069
9536 65536 16246.08 23077.011 53086.996 23.5444211611 54.1622392952 76.9356418287 47.0888423221 108.32447859 153.871283657
10432 65536 30213.118 59790.85 64201.117 21.2978086347 22.8687684487 45.256603572 42.5956172694 45.7375368974 90.513207144
11456 65536 36803.961 65192.938 66270.828 22.6579458461 23.0325688344 40.798892054 45.3158916922 46.0651376687 81.5977841081
12544 65536 37686.11 63952.923 68104.982 24.1416577718 25.7090229949 43.6279352791 48.2833155436 51.4180459899 87.2558705581
13760 65536 53268.909 77974.081 89973.927 20.0452595561 23.1301311522 33.8574743477 40.0905191123 46.2602623043 67.7149486955
15104 65536 51964.045 82207.918 83412.17 23.7340844627 24.0817616619 38.0977171427 47.4681689255 48.1635233239 76.1954342854
16576 32768 20079.136 23378.849 42490.005 25.566594685 46.4661342395 54.1021653521 51.1331893701 92.9322684791 108.204330704
18176 32768 12202.978 15376.091 38266.897 31.1282708917 77.4697766812 97.6140689592 62.2565417834 154.939553362 195.228137918
19968 32768 15987.873 28138.876 54151.058 24.1661547592 46.505867825 81.8509659165 48.3323095183 93.01173565 163.701931833
21952 32768 25016.069 33340.931 63608.885 22.6170647701 43.1495530824 57.5088864681 45.2341295402 86.2991061647 115.017772936
24128 32768 29991.15 31541.109 58919.907 26.8373235552 50.1330694491 52.7239738389 53.6746471104 100.266138898 105.447947678
26496 32768 39418.936 39430.857 77389.002 22.4378375625 44.0376392529 44.0509570324 44.875675125 88.0752785059 88.1019140649
29120 32768 45014.143 51984.072 89822.769 21.2463759606 36.7114049857 42.3957492648 42.4927519213 73.4228099715 84.7914985297
32000 32768 53624.153 61329.842 90116.978 23.2714417032 34.194642145 39.1083473151 46.5428834065 68.38928429 78.2166946301
35200 16384 14313.936 15995.026 54556.131 21.142144409 72.1120178235 80.5811623022 42.2842888181 144.224035647 161.162324604
38720 16384 17174.959 24548.054 41333.914 30.6957855479 51.6854395057 73.8736529153 61.3915710958 103.370879011 147.747305831
42560 16384 26815.891 29136.896 49990.892 27.8972033546 47.8639207141 52.0067030404 55.7944067091 95.7278414283 104.013406081
46784 16384 29908.18 33560.038 69333.076 22.1109202194 45.6798681813 51.2574858116 44.2218404388 91.3597363626 102.514971623
51456 16384 35865.068 39478.064 69983.006 24.0931378112 42.7100530563 47.0126031268 48.1862756224 85.4201061126 94.0252062536
56576 16384 44092.894 46169.996 55681.944 33.2941387248 40.1534010962 42.044923792 66.5882774495 80.3068021925 84.0898475841
62208 16384 48290.968 50243.855 56417.942 36.130912822 40.5707671913 42.21144923 72.261825644 81.1415343827 84.42289846
68416 8192 14433.146 17039.061 18318.892 61.1897130023 65.7857697675 77.6634383107 122.379426005 131.571539535 155.326876621
75200 8192 16445.16 25310.04 34423.113 35.7921376838 48.6793699259 74.9203291424 71.5842753675 97.3587398519 149.840658285
82688 8192 23750.067 26471.138 26793.003 50.5639547758 51.1787665494 57.0423734805 101.127909552 102.357533099 114.084746961
90944 8192 26659.012 32628.059 79118.013 18.8329615406 45.6670283697 55.8920374093 37.6659230813 91.3340567393 111.784074819
100032 8192 35032.034 39210.081 72646.856 22.5601543995 41.798543798 46.7835892144 45.120308799 83.5970875959 93.5671784287
110016 8192 40966.034 75886.965 78389.168 22.9942757397 23.7524605708 43.9999181761 45.9885514795 47.5049211416 87.9998363522
120960 8192 82794.905 84094.048 90102.911 21.9949457571 23.5665744144 23.9363598521 43.9898915142 47.1331488288 47.8727197042
133056 4096 15813.828 34523.01 46643.972 23.3683947842 31.572992969 68.9266856829 46.7367895684 63.1459859381 137.853371366
146304 4096 39492.13 40830.851 50608.158 23.6823946052 29.3533526401 30.348385058 47.3647892105 58.7067052803 60.696770116
160896 4096 46248.913 53558.826 55309.057 23.8308172927 24.6095766177 28.4992650962 47.6616345855 49.2191532354 56.9985301925
176960 4096 40360.928 54276.943 60817.957 23.8359917286 26.7085108312 35.9173188486 47.6719834571 53.4170216624 71.8346376971
194624 4096 24711.132 28645.992 62065.125 25.6884974936 55.6573431983 64.5199017188 51.3769949871 111.314686397 129.039803438
214080 4096 65819.979 73556.9 75825.93 23.1285440218 23.841996604 26.6445445083 46.2570880436 47.683993208 53.2890890166
235456 4096 71807.146 82032.919 91310.978 21.1240268613 23.5131892844 26.861610013 42.2480537225 47.0263785688 53.723220026
258944 4096 90772.152 93364.954 105574.846 20.0925630334 22.7201873628 23.3691633531 40.1851260669 45.4403747256 46.7383267062
284800 2048 48799.038 49534.082 50873.041 22.9304318568 23.5502658553 23.9049958321 45.8608637137 47.1005317107 47.8099916642
313280 2048 16026.02 29809.952 60809.851 21.1017599764 43.0458552902 80.0694670292 42.2035199527 86.0917105804 160.138934058
344576 2048 23566.008 59096.813 66281.08 21.2939091518 23.8825619243 59.8906397723 42.5878183035 47.7651238486 119.781279545
379008 2048 43828.011 66995.859 74643.85 20.7976513537 23.1718316799 35.4206529701 41.5953027075 46.3436633599 70.8413059402
416896 2048 56502.104 72370.768 73800.802 23.1380414538 23.5952451962 30.2219898926 46.2760829076 47.1904903925 60.4439797852
458560 2048 78649.044 80112.934 87248.087 21.5278274239 23.4451750325 23.8815586875 43.0556548478 46.8903500651 47.763117375
504384 2048 87081.909 87278.843 93983.173 21.9821995582 23.6707636466 23.7242946064 43.9643991164 47.3415272932 47.4485892127
554816 1024 13705.015 25830.984 48469.067 23.4430583943 43.9883810853 82.908567995 46.8861167887 87.9767621706 165.81713599
610240 1024 37245.989 57467.937 62265.873 20.0715329246 21.7472835331 33.5545263679 40.1430658492 43.4945670662 67.1090527359
671232 1024 33014.059 35976.171 59051.037 23.2795765466 38.2109351215 41.639325113 46.5591530933 76.4218702429 83.278650226
738304 1024 46535.015 63457.966 65961.123 22.923299714 23.8275300535 32.4926636856 45.846599428 47.655060107 64.9853273712
812096 1024 40150.881 55192.947 70257.902 23.6723921531 30.1337887973 41.4230663581 47.3447843063 60.2675775947 82.8461327162
893248 1024 47558.069 57989.836 83508.968 21.9062927948 31.5464231353 38.4660677455 43.8125855896 63.0928462705 76.932135491
982528 1024 50693.035 68983.793 89578.867 22.4630809854 29.169421635 39.6941580633 44.9261619708 58.33884327 79.3883161267
1080768 512 12948.036 17726.898 46288.013 23.9091367348 62.4309132935 85.4729189817 47.8182734696 124.861826587 170.945837963
1188800 512 20015.955 23874.998 50987.959 23.8748760271 50.9876985121 60.8180424067 47.7497520542 101.975397024 121.636084813
1307648 512 20797.014 33028.841 44728.041 29.9371830749 40.5412818452 64.3857599942 59.8743661499 81.0825636903 128.771519988
1438400 512 26118.994 34758.091 39067.984 37.7015000313 42.3763664121 56.3927385565 75.4030000627 84.7527328241 112.785477113
1582208 512 34271.002 53241.014 56048.87 28.906577278 30.4310694007 47.2755652724 57.813154556 60.8621388015 94.5511305447
1740416 512 47194.958 67097.902 79277.992 22.4802109519 26.5609792688 37.7622114634 44.9604219037 53.1219585375 75.5244229267
1914432 512 71645.021 82395.077 83316.088 23.5294096862 23.7924210933 27.3623810927 47.0588193723 47.5848421866 54.7247621855
2105856 256 24623.871 35423.994 45860.052 23.5106203543 30.4369482447 43.7867089216 47.0212407086 60.8738964895 87.5734178432
2316416 256 27068.138 30302.048 49932.957 23.7519478768 39.1394334799 43.8155366283 47.5038957537 78.2788669598 87.6310732567
2548032 256 13609.886 54895.878 58427.811 22.3282776074 23.7648514156 95.8562315658 44.6565552148 47.5297028312 191.712463132
2802816 256 61551.094 67746.878 69761.038 20.5708205202 21.1824047744 23.3146431483 41.1416410404 42.3648095489 46.6292862967
3083072 256 42727.232 50812.006 70592.165 22.3613040342 31.0661394474 36.9444213938 44.7226080685 62.1322788949 73.8888427877
3391360 256 57170.868 72839.022 74584.961 23.2805152234 23.8385452237 30.3716976975 46.5610304469 47.6770904475 60.743395395
3730496 256 52594.9 60564.995 81187.01 23.5261029073 31.5365988555 36.3155734111 47.0522058147 63.073197711 72.6311468222
4103488 256 88685.989 92325.926 92595.1 22.6900327987 22.7561850395 23.690166617 45.3800655974 45.512370079 47.3803332339
4513792 128 48648.834 48895.121 51553.011 22.4144182771 23.6328436942 23.7524860719 44.8288365543 47.2656873883 47.5049721438
4965120 128 31577.11 51496.983 61429.977 20.6913754827 24.6824308135 40.2529148488 41.3827509654 49.3648616269 80.5058296975
5461632 128 14606.953 38412.809 51704.884 27.0415033133 36.3987385562 95.7200171726 54.0830066266 72.7974771124 191.440034345
6007744 128 26373.148 64796.925 74741.125 20.577459384 23.7354236177 58.3162261858 41.1549187679 47.4708472354 116.632452372
6608512 128 51337.957 53541.899 89502.096 18.9021167951 31.5972930284 32.953766976 37.8042335902 63.1945860568 65.9075339519
7269312 128 62127.113 78481.197 84402.084 22.0485535878 23.7119710598 29.9538121464 44.0971071757 47.4239421195 59.9076242928
7996224 128 61007.023 63463.926 100172.997 20.434981535 32.255069502 33.5540605546 40.86996307 64.510139004 67.1081211093
8795840 64 27571.917 30388.117 53155.899 21.1804812106 37.0495980386 40.8338498915 42.3609624211 74.0991960772 81.6676997831
9675392 64 19104.004 36202.192 56983.948 21.7333164771 34.209259373 64.8267334952 43.4666329542 68.418518746 129.65346699
10642880 64 28018.951 35592.079 58655.977 23.2250609345 38.2750510303 48.6202584815 46.4501218691 76.5501020606 97.240516963
11707136 64 30521.154 35728.216 64460.039 23.2471688079 41.9420160245 49.0975343855 46.4943376159 83.8840320491 98.195068771
12877824 64 40690.184 74690.819 77775.002 21.1939753084 22.0691310401 40.5100520558 42.3879506168 44.1382620801 81.0201041116
14165568 64 46623.945 72893.858 79787.016 22.7254106608 24.8744236311 38.8897315317 45.4508213216 49.7488472623 77.7794630635
15582080 64 56981.087 71954.012 91680.05 21.7550736502 27.7191804121 35.0029517689 43.5101473003 55.4383608241 70.0059035378
17140288 32 16896.009 22357.941 29912.949 36.6723599201 49.0643763663 64.9252987495 73.3447198402 98.1287527326 129.850597499
18854272 32 27436.018 28923.035 32058.954 37.6392008298 41.7201517061 43.981360852 75.2784016596 83.4403034121 87.962721704
20739648 32 32668.114 36602.974 62632.084 21.192612272 36.2631045226 40.6309795539 42.385224544 72.5262090452 81.2619591079
22813568 32 39559.126 68163.157 68623.066 21.2766411807 21.4201984805 36.9085088482 42.5532823614 42.8403969611 73.8170176965
25094912 32 41496.038 76236.963 77259.064 20.7881675605 21.0668723517 38.7042822739 41.576335121 42.1337447033 77.4085645478
27604352 32 51486.015 62731.028 70981.026 24.889447611 28.1627542912 34.3137554538 49.7788952219 56.3255085825 68.6275109076
30364736 32 58105.946 59933.901 101300.955 19.1838576843 32.4247724839 33.4448234265 38.3677153685 64.8495449679 66.889646853
33401152 32 77194.929 104642.868 111819.983 19.1170993829 20.4282792402 27.6918931812 38.2341987657 40.8565584804 55.3837863624
36741248 16 21576.881 57049.99 58173.895 20.2104386512 20.6085914476 54.4898002635 40.4208773024 41.2171828952 108.979600527
40415360 16 36212.921 62510.014 62830.925 20.5836778625 20.6893493897 35.7135377177 41.1673557249 41.3786987794 71.4270754353
44456896 16 37345.886 68773.985 69574.118 20.4475559719 20.6854477314 38.0931027316 40.8951119438 41.3708954629 76.1862054632
48902528 16 48625.231 76761.961 77075.005 20.3033512096 20.3861505831 32.1824876472 40.6067024193 40.7723011662 64.3649752944
53792768 16 73820.829 85310.936 87372.065 19.7015897015 20.1775839852 23.3181962235 39.4031794029 40.3551679705 46.6363924469
59172032 16 71181.059 94043.97 99792.957 18.974335273 20.1342523503 26.6012482899 37.948670546 40.2685047005 53.2024965799
65089216 16 85582.018 89488.029 102250.814 20.3700570247 23.275235082 24.3375297834 40.7401140494 46.550470164 48.6750595668
71598080 8 32135.963 34333.944 57902.098 19.7845901888 33.3655020816 35.6475790067 39.5691803775 66.7310041631 71.2951580135
78757888 8 39698.124 62091.827 71553.946 17.6108555634 20.2945583804 31.7427142905 35.2217111269 40.5891167609 63.485428581
86633664 8 38542.986 58284.044 68607.092 20.2040136609 23.7824716487 35.9634467345 40.4080273217 47.5649432973 71.926893469
95297024 8 40647.03 60810.089 76287.985 19.9867958762 25.0740034931 37.5120244702 39.9735917524 50.1480069861 75.0240489404
104826688 8 47930.002 82714.796 83214.045 20.1555759968 20.2772307871 34.9932597124 40.3111519936 40.5544615742 69.9865194247
115309312 8 54530.144 70936.918 90767.86 20.3260161912 26.0083048999 33.8335617085 40.6520323824 52.0166097997 67.6671234171
126840192 8 71443.081 76847.792 103981.972 19.5172589341 26.4086061445 28.4064326957 39.0345178682 52.8172122889 56.8128653914
139524160 4 35557.985 62990.189 63968.897 17.4489999413 17.7201132068 31.3907911261 34.8979998827 35.4402264137 62.7815822522
153476544 4 32923.937 66005.945 67123.175 18.2919290096 18.6015419066 37.2923916116 36.5838580192 37.2030838131 74.5847832232
168824192 4 40618.896 68310.976 71731.091 18.8285653706 19.7712522216 33.2503752933 37.6571307413 39.5425044432 66.5007505866
185706560 4 34606.934 40148.02 74251.89 20.0082783078 37.0043773018 42.9293297118 40.0165566156 74.0087546036 85.8586594236
204277184 4 53645.134 81456.9 82844.019 19.7264388151 20.0623577868 30.4634800987 39.4528776302 40.1247155735 60.9269601974
224704896 4 59168.816 65941.811 80056.906 22.4545171406 27.2609917856 30.3815301628 44.9090342812 54.5219835712 60.7630603256
247175360 4 72437.048 80021.858 99802.971 19.8130662864 24.7107843959 27.2982256262 39.6261325727 49.4215687919 54.5964512524
271892864 2 28457.88 48693.895 53766.012 20.2278617205 22.3348626352 38.2168824944 40.455723441 44.6697252705 76.4337649888
299082112 2 24883.032 40417.91 59341.908 20.1599255622 29.5989685761 48.0780818029 40.3198511244 59.1979371521 96.1561636058
328990272 2 33668.995 49183.13 65144.062 20.2007834267 26.7563509683 39.0852500349 40.4015668535 53.5127019366 78.1705000699
361889280 2 44666.052 60812.95 62463.045 23.1746166073 23.803435288 32.4084412027 46.3492332146 47.6068705761 64.8168824055
398078208 2 72380.066 79130.888 82742.929 19.2440955529 20.1225194389 21.9993282681 38.4881911057 40.2450388779 43.9986565362
437886016 2 71977.854 90201.855 102674.007 17.0592744471 19.418049263 24.3344857711 34.1185488943 38.8360985259 48.6689715423
481674560 2 74888.945 83388.09 90374.947 21.3189418523 23.1051969172 25.7274052933 42.6378837047 46.2103938344 51.4548105865
529841984 2 80674.171 108259.916 108551.025 19.5241632771 19.576663407 26.2707122953 39.0483265543 39.153326814 52.5414245905
582826176 1 29254.913 31616.926 58310.032 19.9905970211 36.8679849521 39.8446699192 39.9811940422 73.7359699042 79.6893398384
641108736 1 36926.985 64957.857 65956.116 19.4404635955 19.7392206458 34.7230479824 38.880927191 39.4784412916 69.4460959648
705219584 1 37295.818 44481.039 56570.053 24.9326117478 31.7087729898 37.8176225549 49.8652234955 63.4175459795 75.6352451098
775741504 1 39138.794 77782.869 78653.097 19.7256442172 19.9463330158 39.6405420157 39.4512884343 39.8926660316 79.2810840314
853315648 1 53352.118 84650.04 87087.154 19.5968201694 20.1610217314 31.9880702018 39.1936403387 40.3220434627 63.9761404036
938647168 1 93064.07 95685.959 101065.159 18.5750891264 19.6193292686 20.1720635687 37.1501782528 39.2386585371 40.3441271374
1032511872 1 102689.028 102761.984 104583.979 19.745125054 20.0952109294 20.1094876855 39.490250108 40.1904218587 40.218975371

META_DATA
ERT_VERSION  1.1.0
OPENMP_THREADS 8
HOSTNAME  ('c4ba798bf1f2', [], ['172.17.0.9'])
UNAME  ('Linux', 'c4ba798bf1f2', '4.9.12-moby', '#1 SMP Tue Feb 28 12:11:36 UTC 2017', 'x86_64', 'x86_64')
TIMESTAMP_DATA  1494195425.09
FLOPS          32
TIMESTAMP_DATA  1494195457.96
CONFIG  {'ERT_WORKING_SET_MIN': ['1'], 'ERT_CFLAGS': ['-Ofast', '-march=native'], 'ERT_CC': ['cc'], 'ERT_MPI_CFLAGS': [], 'ERT_MPI_LDFLAGS': [], 'ERT_MEMORY_MAX': ['1073741824', '#', '1GB'], 'ERT_LDFLAGS': [], 'ERT_LDLIBS': [], 'ERT_RUN': ['export', 'OMP_NUM_THREADS=ERT_OPENMP_THREADS', ';', './ERT_CODE'], 'ERT_FLOPS': ['1,4,16,32,64'], 'ERT_OPENMP_CFLAGS': ['-fopenmp'], 'ERT_MPI': ['False'], 'ERT_TRIALS_MIN': ['1'], 'ERT_DRIVER': ['driver1'], 'ERT_RESULTS': ['Results'], 'ERT_OPENMP': ['True'], 'ERT_OPENMP_THREADS': ['1,2,4,8', '#', ',16'], 'ERT_KERNEL': ['kernel1'], 'ERT_GPU': [False], 'ERT_LD': ['cc'], 'ERT_NUM_EXPERIMENTS': ['3'], 'ERT_OPENMP_LDFLAGS': ['-fopenmp'], 'ERT_ALIGN': ['64'], 'ERT_GNUPLOT': ['gnuplot']}
TIMESTAMP_DATA  1494195391.57
