16 67108864 3612869.978 3623919.01 3637382.984 0.590392504019 0.592585993802 0.594398265389 2.36157001608 2.37034397521 2.37759306156
32 33554432 1812630.892 1818361.044 1824614.048 1.17695227128 1.18099959031 1.18473300741 4.70780908511 4.72399836124 4.73893202963
48 16777216 909908.056 915243.149 917553.186 1.75533447061 1.75976486441 1.77008295001 7.02133788242 7.03905945763 7.08033180003
64 16777216 907716.99 909255.981 909970.999 2.35994735037 2.36180315871 2.36580748367 9.43978940146 9.44721263483 9.4632299347
80 8388608 454460.859 454753.876 455237.865 2.9482988635 2.95143670199 2.95333966264 11.793195454 11.805746808 11.8133586505
96 8388608 457400.084 457541.943 458041.906 3.51629996055 3.52014227469 3.52123401884 14.0651998422 14.0805690988 14.0849360754
112 8388608 523380.995 523764.849 527611.971 3.56142069415 3.58757979958 3.59021097432 14.2456827766 14.3503191983 14.3608438973
128 8388608 456993.818 457043.886 459527.016 4.67324786841 4.69863773213 4.69915251239 18.6929914737 18.7945509285 18.7966100495
144 4194304 229030.848 229456.902 236505.985 5.10752212888 5.26442892531 5.27422206462 20.4300885155 21.0577157012 21.0968882585
160 4194304 264953.852 265360.832 266377.926 5.03862050491 5.05793289041 5.06570208309 20.1544820197 20.2317315616 20.2628083324
176 4194304 327752.113 328077.078 335160.017 4.40504515191 4.50014678563 4.50460866441 17.6201806076 18.0005871425 18.0184346577
192 4194304 228771.925 229278.088 230634.928 6.9833860377 7.02471287182 7.04025520614 27.9335441508 28.0988514873 28.1610208246
208 4194304 264589.071 265722.99 268005.133 6.51043673854 6.56635116141 6.5944918186 26.0417469542 26.2654046456 26.3779672744
224 4194304 329002.857 330840.826 336312.056 5.58721627273 5.67961401475 5.71134308417 22.3488650909 22.718456059 22.8453723367
240 4194304 392384.052 393038.034 396222.115 5.0811548467 5.12231831487 5.13085562407 20.3246193868 20.4892732595 20.5234224963
256 4194304 266700.983 266757.965 271428.108 7.9117953694 8.05030750628 8.05202749478 31.6471814776 32.2012300251 32.2081099791
272 2097152 165632.01 166032.791 166182.995 6.86502664126 6.87123718832 6.88786357178 27.4601065651 27.4849487533 27.5514542871
288 2097152 198924.065 199126.005 205707.073 5.87223149104 6.06630737156 6.07246565165 23.4889259642 24.2652294862 24.2898626066
304 2097152 230447.054 233649.015 234195.948 5.44445122509 5.45719576862 5.53302111643 21.7778049004 21.8287830745 22.1320844657
320 2097152 164399.862 164588.213 178215.981 7.53118363723 8.15475941767 8.16410223021 30.1247345489 32.6190376707 32.6564089208
352 2097152 229693.89 230321.169 238775.015 6.18320559209 6.41015766988 6.42766339148 24.7328223684 25.6406306795 25.7106535659
384 2097152 197809.935 198659.897 198918.819 8.09683439755 8.10738735055 8.14222367547 32.3873375902 32.4295494022 32.5688947019
416 2097152 263542.891 263834.0 264482.975 6.59713716545 6.6133647066 6.62066981727 26.3885486618 26.4534588264 26.4826792691
448 2097152 229526.997 230844.021 231175.184 8.12824352289 8.13990409568 8.18661079768 32.5129740915 32.5596163827 32.7464431907
480 2097152 293848.038 297004.938 305311.918 6.59412817288 6.77856042919 6.8513845922 26.3765126915 27.1142417167 27.4055383688
528 1048576 148216.963 148263.931 159703.016 6.9334711625 7.46841290752 7.47077954903 27.73388465 29.8736516301 29.8831181961
576 1048576 147440.91 148317.099 151856.899 7.95459119707 8.14443890923 8.19283841913 31.8183647883 32.5777556369 32.7713536765
624 1048576 195253.134 195955.038 196069.956 6.6742650159 6.67817914434 6.70218613751 26.6970600636 26.7127165774 26.80874455
672 1048576 200148.821 204545.975 206119.061 6.83724317956 6.88982583989 7.04119133432 27.3489727182 27.5593033596 28.1647653373
736 1048576 212027.073 212268.829 213003.159 7.24638958054 7.27145798689 7.27974899696 28.9855583222 29.0858319476 29.1189959878
800 1048576 229898.93 231624.842 234801.054 7.14528990147 7.24327142768 7.29764857975 28.5811596059 28.9730857107 29.190594319
880 1048576 260878.086 261030.912 262578.964 7.02833818782 7.0700199676 7.07416168332 28.1133527513 28.2800798704 28.2966467333
960 1048576 245226.86 245628.834 245854.855 8.18883938656 8.19637453476 8.20980996943 32.7553575462 32.785498139 32.8392398777
1056 524288 146796.942 147739.887 149535.894 7.40488605365 7.494903905 7.54304715694 29.6195442146 29.97961562 30.1721886277
1152 524288 147841.93 151868.105 151949.883 7.9497234756 7.95400424599 8.17061541337 31.7988939024 31.8160169839 32.6824616535
1264 524288 179533.958 180285.931 180777.073 7.33168228695 7.35165554322 7.38244774841 29.3267291478 29.4066221729 29.5297909936
1376 524288 190036.058 194675.922 195964.098 7.36278017619 7.41149989776 7.59245687995 29.4511207048 29.6459995911 30.3698275198
1504 524288 204089.165 204459.906 205475.807 7.67515323106 7.7132888049 7.72730048653 30.7006129242 30.8531552196 30.9092019461
1648 524288 228170.872 228471.994 229756.117 7.52125023074 7.56352329117 7.5735050353 30.085000923 30.2540931647 30.2940201412
1808 524288 237280.13 238121.033 238610.029 7.94528803314 7.96160416455 7.9898194931 31.7811521325 31.8464166582 31.9592779724
1984 524288 257693.052 258349.895 258841.991 8.03723837837 8.05254743378 8.07307285879 32.1489535135 32.2101897351 32.2922914352
2176 262144 139353.991 139436.007 141005.993 8.0907957437 8.18189442272 8.18670983022 32.3631829748 32.7275776909 32.7468393209
2384 262144 155374.05 155694.962 159198.999 7.85119630055 8.02789361932 8.04447455672 31.4047852022 32.1115744773 32.1778982269
2608 262144 178336.859 183452.129 187868.118 7.27820727943 7.45340548215 7.66719292729 29.1128291177 29.8136219286 30.6687717092
2864 262144 191553.831 192497.015 194046.021 7.73816862753 7.80043696781 7.83884521735 30.9526745101 31.2017478713 31.3553808694
3136 262144 200437.069 200691.938 200736.046 8.19069220881 8.19249235612 8.20290965241 32.7627688352 32.7699694245 32.8116386096
3440 262144 229505.062 234184.027 252602.1 7.13988806902 7.70142499941 7.85843547102 28.5595522761 30.8056999976 31.4337418841
3776 262144 240146.16 240725.994 241595.03 8.19433863354 8.22392071211 8.24377740623 32.7773545342 32.8956828484 32.9751096249
4144 131072 135919.094 136873.96 138173.103 7.86205645248 7.93667938007 7.99243655935 31.4482258099 31.7467175203 31.9697462374
4544 131072 144152.164 144401.789 144632.816 8.2359064073 8.24908295284 8.26336770081 32.9436256292 32.9963318114 33.0534708033
4992 131072 158260.107 158856.153 159067.869 8.22682076668 8.23778508598 8.26881058535 32.9072830667 32.9511403439 33.0752423414
5488 131072 178188.086 178774.118 178996.086 8.03730575427 8.04728496549 8.07375119344 32.1492230171 32.189139862 32.2950047738
6032 131072 192605.972 192914.009 193031.073 8.19169983063 8.19667071457 8.2097797466 32.7667993225 32.7866828583 32.8391189864
6624 131072 212959.766 213124.037 213301.182 8.14079809459 8.14756458466 8.15384938017 32.5631923784 32.5902583386 32.6153975207
7280 131072 235613.823 235739.946 236048.937 8.08479946682 8.09539644164 8.09972987026 32.3391978673 32.3815857665 32.3989194811
8000 131072 253828.049 255003.929 260179.043 8.0604186095 8.22399877611 8.26209714908 32.241674438 32.8959951045 33.0483885963
8800 65536 141903.877 142079.115 143043.995 8.06348843934 8.11824876584 8.12827404286 32.2539537574 32.4729950633 32.5130961714
9680 65536 155531.883 155545.95 156381.845 8.11332645423 8.15692700453 8.15766475353 32.4533058169 32.6277080181 32.6306590141
10640 65536 170835.018 171238.899 171561.003 8.12892239852 8.14421307392 8.16346728163 32.5156895941 32.5768522957 32.6538691265
11696 65536 188408.852 192540.884 193147.182 7.93704622623 7.96203943885 8.13665650911 31.7481849049 31.8481577554 32.5466260364
12864 65536 204838.991 205626.011 210052.013 8.0271080668 8.19988774669 8.23139286016 32.1084322672 32.7995509868 32.9255714406
14144 65536 224660.873 225423.813 226150.99 8.19754257101 8.22398638071 8.25191473372 32.790170284 32.8959455228 33.0076589349
15552 65536 247520.924 247942.209 247968.912 8.22051331983 8.22139865665 8.23539162289 32.8820532793 32.8855946266 32.9415664916
17104 32768 136842.012 137480.021 138303.041 8.10486693492 8.15338647642 8.19140063506 32.4194677397 32.6135459057 32.7656025402
18800 32768 150960.922 151930.809 152143.955 8.09809893531 8.1094598792 8.16156117541 32.3923957413 32.4378395168 32.6462447017
20672 32768 164633.989 165742.874 168158.054 8.05646925481 8.17386690181 8.22892162323 32.2258770192 32.6954676073 32.9156864929
22736 32768 181754.112 182469.13 186136.961 8.00500066185 8.16591001448 8.19803458422 32.0200026474 32.6636400579 32.7921383369
25008 32768 200598.955 201731.205 205218.792 7.98622909738 8.1242973193 8.17015366805 31.9449163895 32.4971892772 32.6806146722
27504 32768 220912.933 220973.969 221469.164 8.13884024053 8.15707909921 8.15933281733 32.5553609621 32.6283163969 32.6373312693
30240 32768 242224.216 242437.124 243204.832 8.14872230828 8.17452627428 8.18171144375 32.5948892331 32.6981050971 32.726845775
33264 16384 133170.843 133371.115 133713.007 8.15174810929 8.17264481893 8.18493543666 32.6069924372 32.6905792757 32.7397417466
36576 16384 145977.02 147575.14 150110.96 7.98424290938 8.12143812298 8.2103496016 31.9369716375 32.4857524919 32.8413984064
40224 16384 161492.825 163275.003 164633.989 8.00600191981 8.07263823477 8.1617250302 32.0240076792 32.2905529391 32.6469001208
44240 16384 176946.878 178209.782 184267.998 7.86710842758 8.13454965115 8.19260750111 31.4684337103 32.5381986046 32.7704300044
48656 16384 194609.165 195314.884 196776.867 8.10237418812 8.16302257845 8.19262447378 32.4094967525 32.6520903138 32.7704978951
53520 16384 213491.917 213993.073 214909.077 8.16039687333 8.19532770577 8.2145656128 32.6415874933 32.7813108231 32.8582624512
58864 16384 235835.075 236203.194 243574.142 7.91896683352 8.16608581508 8.17883239802 31.6758673341 32.6643432603 32.7153295921
64736 16384 258048.058 258996.01 260031.939 8.15772576306 8.19035493249 8.22044259678 32.6309030523 32.76141973 32.8817703871
71200 8192 142168.999 142520.189 142683.983 8.17569551587 8.18509158727 8.20531063878 32.7027820635 32.7403663491 32.8212425551
78320 8192 156740.904 156764.984 158973.932 8.07173140814 8.18546876514 8.18672629322 32.2869256326 32.7418750606 32.7469051729
86144 8192 172616.959 172691.107 176707.983 7.98709414277 8.17287769196 8.17638836981 31.9483765711 32.6915107678 32.7055534792
94752 8192 189141.989 189921.141 194877.148 7.96613037461 8.17400716859 8.20767919491 31.8645214984 32.6960286743 32.8307167797
104224 8192 208468.914 209133.148 212948.084 8.01888415206 8.16516191876 8.1911781629 32.0755366083 32.660647675 32.7647126516
114640 8192 229573.011 230920.076 235086.918 7.98964815218 8.13381752048 8.18154430183 31.9585926087 32.5352700819 32.7261772073
126096 8192 251984.835 252492.905 252557.993 8.18012860912 8.18223729494 8.19873491196 32.7205144365 32.7289491798 32.7949396479
138704 4096 138328.075 139202.118 140990.019 8.05917451504 8.16268591545 8.214262853 32.2366980602 32.6507436618 32.857051412
152560 4096 152354.002 152822.971 153407.097 8.14676468325 8.17790356922 8.20307641147 32.587058733 32.7116142769 32.8123056459
167808 4096 167785.168 168541.908 168703.079 8.14853613905 8.15632831213 8.19311475732 32.5941445562 32.6253132485 32.7724590293
184576 4096 185261.965 186460.018 213003.159 7.09870501029 8.10922689067 8.1616676796 28.3948200411 32.4369075627 32.6466707184
203024 4096 202672.005 203035.831 204323.053 8.13991658592 8.19152264804 8.20622763366 32.5596663437 32.7660905922 32.8249105346
223312 4096 222735.882 223464.012 224949.121 8.13238076178 8.18642736979 8.21318903615 32.5295230471 32.7457094792 32.8527561446
245632 4096 245086.908 245582.104 247034.073 8.14550527206 8.1936644048 8.2102196336 32.5820210882 32.7746576192 32.8408785344
270192 2048 135164.976 135247.946 135577.917 8.16288121612 8.18279659493 8.18781954284 32.6515248645 32.7311863797 32.7512781714
297200 2048 148296.833 150051.117 162417.889 7.49505616343 8.1127766613 8.20874711465 29.9802246537 32.4511066452 32.8349884586
326912 2048 163318.157 163647.89 163913.965 8.16911208267 8.1823942368 8.19891417217 32.6764483307 32.7295769472 32.7956566887
359600 2048 181242.943 182174.921 185045.004 7.95980203821 8.08520509802 8.1267804176 31.8392081528 32.3408203921 32.5071216704
395552 2048 197324.991 198209.047 198752.88 8.15173592453 8.1741021236 8.21072375977 32.6069436981 32.6964084944 32.8428950391
435104 2048 217509.985 217989.922 223651.886 7.96857122859 8.17554301432 8.19358239577 31.8742849144 32.7021720573 32.7743295831
478608 2048 238585.949 239813.089 242464.066 8.08523258865 8.17460955186 8.21665473686 32.3409303546 32.6984382074 32.8666189475
526464 1024 131880.045 132083.893 136959.076 7.8724119897 8.16298072014 8.17559830223 31.4896479588 32.6519228806 32.7023932089
579104 1024 145652.056 145792.007 149801.97 7.91715217096 8.13491093514 8.14272743256 31.6686086839 32.5396437406 32.5709097302
637008 1024 158824.921 159846.067 159898.996 8.15885287985 8.16155447853 8.21402822546 32.6354115194 32.6462179141 32.8561129018
700704 1024 175006.866 175620.079 176244.02 8.14235735204 8.17128542574 8.19991709354 32.5694294082 32.685141703 32.7996683742
770768 1024 193115.95 193674.088 204179.049 7.73112065969 8.15045977653 8.17401599402 30.9244826388 32.6018391061 32.6960639761
847840 1024 211744.07 212133.884 212580.919 8.16807231885 8.18528510042 8.20035394616 32.6722892754 32.7411404017 32.8014157846
932624 1024 233170.986 233268.976 234086.99 8.15941950469 8.18803247972 8.19147349662 32.6376780188 32.7521299189 32.7658939865
1025872 1024 255933.046 257276.058 264044.046 7.95695221244 8.16627039583 8.20912300634 31.8278088497 32.6650815833 32.8364920253
1128448 512 141327.858 142236.948 160598.04 7.19517344047 8.12398443757 8.17624188431 28.7806937619 32.4959377503 32.7049675373
1241280 512 154773.951 155318.022 160686.016 7.91027590105 8.18366538302 8.21243311156 31.6411036042 32.7346615321 32.8497324463
1365408 512 171012.878 174124.002 183044.195 7.63847109164 8.02978208599 8.17586259206 30.5538843666 32.1191283439 32.7034503682
1501936 512 187638.044 189130.068 191903.114 8.01436950106 8.13187707414 8.19653856549 32.0574780042 32.5275082966 32.786154262
1652128 512 206786.871 208188.057 211843.014 7.98600359793 8.12620616369 8.18126926443 31.9440143917 32.5048246548 32.7250770577
1817328 512 227599.859 232547.045 233026.981 7.98595881049 8.00244041802 8.1763841163 31.943835242 32.0097616721 32.7055364652
1999056 512 251457.93 251477.003 259606.123 7.88515047467 8.14004191071 8.14065933017 31.5406018987 32.5601676428 32.5626373207
2198960 256 137697.935 138767.958 139995.813 8.04215137491 8.11331042286 8.17635732882 32.1686054997 32.4532416914 32.7054293153
2418848 256 152641.058 155374.05 158502.102 7.81346215838 7.97076587757 8.11348003104 31.2538486335 31.8830635103 32.4539201242
2660720 256 167722.94 173311.949 174982.071 7.78530412982 7.86032727611 8.12225590608 31.1412165193 31.4413091044 32.4890236243
2926784 256 184140.921 187327.862 198804.14 7.53763683191 7.99941552741 8.13786202362 30.1505473276 31.9976621097 32.5514480945
3219456 256 203562.975 205211.878 206122.16 7.99701241245 8.03248568292 8.09755050986 31.9880496498 32.1299427317 32.3902020394
3541392 256 224028.111 224993.944 225805.998 8.02986953429 8.05885114846 8.09359457573 32.1194781372 32.2354045938 32.3743783029
3895520 256 247105.122 247584.105 249472.857 7.9948827459 8.05587353841 8.07148886214 31.9795309836 32.2234941536 32.2859554485
4285072 128 136164.904 136393.07 137192.965 7.9958796138 8.0427724957 8.05624944295 31.9835184552 32.1710899828 32.2249977718
4713568 128 149335.146 150372.028 153067.827 7.8832595435 8.0245869132 8.08030420381 31.533038174 32.0983476528 32.3212168152
5184912 128 164402.008 165328.979 169520.14 7.82996918242 8.02846228186 8.07373029166 31.3198767297 32.1138491274 32.2949211667
5703392 128 181635.141 181777.0 186408.997 7.83260666329 8.03219522822 8.03846845914 31.3304266532 32.1287809129 32.1538738366
6273728 128 198543.787 200080.872 208790.064 7.69229309686 8.02712599133 8.08927034317 30.7691723874 32.1085039653 32.3570813727
6901088 128 219983.101 220770.121 227681.16 7.75944100074 8.00234433898 8.03097383376 31.037764003 32.0093773559 32.123895335
7591184 128 243400.097 244676.113 247456.074 7.85328512082 7.94251257376 7.98415090196 31.4131404833 31.770050295 31.9366036078
8350288 128 265243.053 267370.939 272279.978 7.85101329779 7.99516108967 8.05930147396 31.4040531912 31.9806443587 32.2372058958
9185312 64 146824.121 148509.979 149871.826 7.84483626696 7.91677396978 8.00767563253 31.3793450678 31.6670958791 32.0307025301
10103840 64 160655.022 161514.044 163869.143 7.89222117309 8.00730071498 8.05011573183 31.5688846923 32.0292028599 32.2004629273
11114224 64 177874.088 178627.968 182292.938 7.80403611686 7.96415414634 7.99790845309 31.2161444674 31.8566165854 31.9916338123
12225632 64 193771.839 198175.907 199689.865 7.83655643215 7.89642353447 8.07589433055 31.3462257286 31.5856941379 32.3035773222
13448192 64 214780.092 218240.976 218862.057 7.8650845176 7.88746736543 8.01456298845 31.4603380704 31.5498694617 32.0582519538
14793008 64 236437.798 237760.067 240278.006 7.88047585179 7.96393207611 8.00847005012 31.5219034072 31.8557283045 32.0338802005
16272304 64 259428.978 260987.043 265441.179 7.84676635271 7.98068320963 8.02861317983 31.3870654108 31.9227328385 32.1144527193
17899520 32 142663.002 143753.052 145988.941 7.8469593118 7.96900840756 8.02989747825 31.3878372472 31.8760336302 32.119589913
19689472 32 158174.992 158856.869 161785.126 7.78888788578 7.93246282602 7.96665890143 31.1555515431 31.7298513041 31.8666356057
21658416 32 173626.184 173860.073 176460.981 7.85521318166 7.9727254227 7.98346535106 31.4208527266 31.8909016908 31.9338614042
23824256 32 190671.206 192924.976 192941.904 7.90265024025 7.90334365002 7.99676267847 31.610600961 31.6133746001 31.9870507139
26206672 32 209126.949 209553.003 217414.856 7.7144084763 8.00383188973 8.02013808369 30.8576339052 32.0153275589 32.0805523347
28827328 32 230245.113 231664.896 236587.048 7.79818256154 7.96386946773 8.01297785634 31.1927302462 31.8554778709 32.0519114254
31710048 32 253144.026 254859.209 257725.0 7.87445172956 7.96299682465 8.01695028742 31.4978069182 31.8519872986 32.0678011497
34881040 16 139366.15 141551.971 142681.122 7.82299202834 7.88539553434 8.00907020822 31.2919681133 31.5415821373 32.0362808329
38369136 16 153972.864 154710.054 156280.041 7.85648854546 7.93621565151 7.97421259892 31.4259541818 31.744862606 31.8968503957
42206048 16 168771.029 170875.072 173255.92 7.79536731559 7.90398224968 8.00252000597 31.1814692623 31.6159289987 32.0100800239
46426640 16 186121.225 186450.005 193850.04 7.66392661049 7.96810104671 7.98217656261 30.6557064419 31.8724041868 31.9287062505
51069296 16 204139.948 207699.06 208123.922 7.85213663233 7.86819869093 8.00537811443 31.4085465293 31.4727947637 32.0215124577
56176224 16 223924.875 224896.908 230054.14 7.81398312589 7.99316977715 8.02786723896 31.2559325035 31.9726791086 32.1114689558
61793840 16 247597.933 249699.116 251651.049 7.85771761277 7.91914249308 7.98634647729 31.4308704511 31.6765699723 31.9453859092
67973216 8 136072.159 137566.09 140160.799 7.75945530961 7.90581062528 7.99260821606 31.0378212384 31.6232425011 31.9704328642
74770528 8 149618.149 150254.011 170264.006 7.02631446367 7.96204001502 7.99587787976 28.1052578547 31.8481600601 31.983511519
82247568 8 165002.108 165189.981 167692.9 7.84744665994 7.96634929088 7.97541985342 31.3897866397 31.8653971635 31.9016794137
90472320 8 180701.971 185215.95 185225.964 7.81508752196 7.81551005731 8.01074339139 31.2603500879 31.2620402293 32.0429735656
99519552 8 199362.04 199574.232 203010.082 7.84351602794 7.97854921471 7.9870412241 31.3740641118 31.9141968588 31.9481648964
109471504 8 218331.099 218946.218 222980.976 7.85512780247 7.99988271092 8.02242132258 31.4205112099 31.9995308437 32.0896852903
120418640 8 239706.039 243561.983 245793.104 7.83869933145 7.91050481799 8.03775427619 31.3547973258 31.6420192719 32.1510171047
132460496 8 266057.014 268498.898 269275.904 7.87061859051 7.89339528686 7.96584124634 31.4824743621 31.5735811474 31.8633649854
145706544 4 146912.098 147850.99 148855.925 7.83074205478 7.88396717533 7.93435236355 31.3229682191 31.5358687013 31.7374094542
160277184 4 160003.901 161906.004 162908.077 7.87080355752 7.91951774685 8.01366381686 31.4832142301 31.6780709874 32.0546552674
176304896 4 176394.939 177823.067 179396.868 7.8621170131 7.93169970463 7.99591630007 31.4484680524 31.7267988185 31.9836652003
193935376 4 193902.969 195162.058 198271.99 7.82502363546 7.94971637366 8.00133703987 31.3000945418 31.7988654946 32.0053481595
213328912 4 212434.053 214535.952 217961.073 7.82998208125 7.95498973524 8.0336992676 31.319928325 31.819958941 32.1347970704
234661792 4 235149.145 235652.924 239500.999 7.83835701662 7.96635282149 7.98341978237 31.3534280665 31.865411286 31.9336791295
258127968 4 259243.011 259390.831 264235.02 7.81510241905 7.96105142205 7.96559080237 31.2604096762 31.8442056882 31.8623632095
283940752 2 140798.092 143141.031 143217.087 7.93035965045 7.93457333698 8.06660794807 31.7214386018 31.7382933479 32.2664317923
312334816 2 155630.827 156017.065 156256.199 7.99545408115 8.00770905413 8.02758224757 31.9818163246 32.0308362165 32.1103289903
343568288 2 171806.097 172214.985 172734.976 7.9559634292 7.9799858996 7.99897777784 31.8238537168 31.9199435984 31.9959111114
377925104 2 189340.115 191486.12 191696.167 7.88591884573 7.89456915206 7.98404720521 31.5436753829 31.5782766082 31.9361888208
415717600 2 207845.926 208184.958 210828.066 7.88732938431 7.9874666065 8.0004955209 31.5493175373 31.949866426 32.0019820836
457289360 2 227800.846 229873.896 231862.068 7.88898958669 7.95722120619 8.02963409539 31.5559583468 31.8288848247 32.1185363816
503018288 2 250865.936 252375.841 252423.048 7.9710357986 7.97252678397 8.02051160904 31.8841431944 31.8901071359 32.0820464361
553320112 1 138093.948 138594.151 139230.967 7.94823341276 7.98475416181 8.01367648639 31.792933651 31.9390166472 32.0547059455
608652112 1 152142.048 152427.912 153133.154 7.94931856494 7.98609787425 8.00110317958 31.7972742598 31.944391497 32.0044127183
669517312 1 167642.832 168100.119 177217.96 7.55586298364 7.96569706176 7.987425457 30.2234519346 31.862788247 31.949701828
736469040 1 184630.156 184710.979 192146.778 7.66569231778 7.97428549171 7.97777628482 30.6627692711 31.8971419669 31.9111051393
810115936 1 201702.833 203050.852 204674.006 7.91615849841 7.979438924 8.03276705588 31.6646339936 31.917755696 32.1310682235
891127520 1 221686.84 222249.031 223670.959 7.96820046719 8.0191802501 8.03951664429 31.8728018687 32.0767210004 32.1580665772
980240272 1 244297.981 245549.917 246371.984 7.95740048105 7.98404075209 8.02495598193 31.8296019242 31.9361630084 32.0998239277

META_DATA
ERT_VERSION  1.1.0
HOSTNAME  ('c4ba798bf1f2', [], ['172.17.0.9'])
UNAME  ('Linux', 'c4ba798bf1f2', '4.9.12-moby', '#1 SMP Tue Feb 28 12:11:36 UTC 2017', 'x86_64', 'x86_64')
TIMESTAMP_DATA  1494196383.63
OPENMP_THREADS 2
TIMESTAMP_DATA  1494196214.75
CONFIG  {'ERT_WORKING_SET_MIN': ['1'], 'ERT_CFLAGS': ['-Ofast', '-march=native'], 'ERT_CC': ['cc'], 'ERT_MPI_CFLAGS': [], 'ERT_MPI_LDFLAGS': [], 'ERT_MEMORY_MAX': ['1073741824', '#', '1GB'], 'ERT_LDFLAGS': [], 'ERT_LDLIBS': [], 'ERT_RUN': ['export', 'OMP_NUM_THREADS=ERT_OPENMP_THREADS', ';', './ERT_CODE'], 'ERT_FLOPS': ['1,4,16,32,64'], 'ERT_OPENMP_CFLAGS': ['-fopenmp'], 'ERT_MPI': ['False'], 'ERT_TRIALS_MIN': ['1'], 'ERT_DRIVER': ['driver1'], 'ERT_RESULTS': ['Results'], 'ERT_OPENMP': ['True'], 'ERT_OPENMP_THREADS': ['1,2,4,8', '#', ',16'], 'ERT_KERNEL': ['kernel1'], 'ERT_GPU': [False], 'ERT_LD': ['cc'], 'ERT_NUM_EXPERIMENTS': ['3'], 'ERT_OPENMP_LDFLAGS': ['-fopenmp'], 'ERT_ALIGN': ['64'], 'ERT_GNUPLOT': ['gnuplot']}
FLOPS          64
TIMESTAMP_DATA  1494196298.98
