64 16777216 352504.969 354719.877 361250.877 5.94457698161 6.05402681734 6.09206631638 1.4861442454 1.51350670433 1.52301657909
128 8388608 158432.007 174953.222 186399.937 11.5208389153 12.2746161714 13.5546073591 2.88020972883 3.06865404285 3.38865183978
192 4194304 75465.202 87491.989 87889.91 18.325342875 18.4086880914 21.3424557719 4.58133571874 4.60217202286 5.33561394297
256 4194304 62091.112 89181.9 94347.0 22.7615467158 24.07981494 34.5860072211 5.69038667896 6.01995373501 8.64650180528
320 2097152 17926.931 19168.139 57881.117 23.1885172499 70.021261845 74.8693281633 5.79712931248 17.5053154612 18.7173320408
384 2097152 13971.09 16032.219 32917.023 48.9294774925 100.460998942 115.281823823 12.2323693731 25.1152497355 28.8204559558
448 2097152 13953.924 18234.968 44478.893 42.2458398863 103.04642114 134.660916313 10.5614599716 25.761605285 33.6652290782
512 2097152 15941.143 16268.969 25880.814 82.9758927984 131.998754684 134.713279217 20.7439731996 32.9996886711 33.6783198043
576 1048576 7294.893 8246.899 15954.018 75.71506764 146.474396255 165.589756012 18.92876691 36.6185990637 41.3974390029
640 1048576 7915.02 9608.984 17354.012 77.3410367585 139.679416679 169.573454015 19.3352591896 34.9198541698 42.3933635038
704 1048576 9134.054 11483.908 17964.84 82.1824746561 128.562072075 161.636334534 20.545618664 32.1405180188 40.4090836336
768 1048576 10562.897 11043.072 18430.233 87.3897110254 145.848250921 152.478314993 21.8474277563 36.4620627304 38.1195787481
832 1048576 10329.008 14737.844 24188.042 72.1360771575 118.391161149 168.925269881 18.0340192894 29.5977902874 42.2313174702
896 1048576 13804.913 16463.041 34446.955 54.5490361049 114.137369396 136.114453746 13.6372590262 28.534342349 34.0286134364
960 1048576 11385.918 24375.916 53929.09 37.3317243069 82.5924211422 176.820693773 9.33293107672 20.6481052856 44.2051734432
1024 1048576 6169.081 8157.969 24576.902 87.3781263399 263.237534734 348.104304028 21.844531585 65.8093836836 87.0260760071
1088 524288 3143.072 9307.146 15628.815 72.996621177 122.57792969 362.973132019 18.2491552942 30.6444824224 90.7432830047
1152 524288 3118.992 9330.988 12669.086 95.3470165093 129.456768351 387.291648071 23.8367541273 32.3641920877 96.8229120177
1216 524288 3231.049 10451.078 12938.976 98.544770158 122.003530736 394.629860457 24.6361925395 30.5008826841 98.6574651143
1280 524288 3077.984 10135.889 12600.899 106.514406631 132.418308843 436.057263456 26.6286016577 33.1045772107 109.014315864
1408 524288 3914.118 11454.105 15478.849 95.3814465145 128.896584063 377.197368092 23.8453616286 32.2241460158 94.2993420229
1536 524288 4580.021 6774.902 22234.917 72.4361928583 237.732255906 351.660557015 18.1090482146 59.4330639764 87.9151392537
1664 524288 5093.098 6376.982 15704.155 111.106294099 273.613829238 342.587255144 27.7765735247 68.4034573094 85.646813786
1792 524288 5951.166 6448.984 23238.182 80.8603784926 291.371197696 315.744543506 20.2150946232 72.8427994239 78.9361358766
1920 524288 6548.882 6603.003 6683.111 301.246817538 304.901560699 307.421315577 75.3117043844 76.2253901747 76.8553288943
2112 262144 1564.026 1788.139 7707.119 143.67187739 619.245067637 707.978164046 35.9179693476 154.811266909 176.994541011
2304 262144 2066.135 2182.007 4245.996 284.493803574 553.600218514 584.646962565 71.1234508935 138.400054629 146.161740641
2496 262144 2651.93 2829.075 5329.132 245.560224067 462.562091143 493.460554389 61.3900560166 115.640522786 123.365138597
2688 262144 3094.912 3224.85 3295.898 427.587912005 437.008277594 455.355804624 106.896978001 109.252069399 113.838951156
2944 262144 4545.927 6535.053 6909.132 223.400547565 236.188424486 339.535560514 55.8501368913 59.0471061214 84.8838901285
3200 262144 2305.984 2347.946 2373.934 706.726303259 714.548631016 727.551275291 176.681575815 178.637157754 181.887818823
3520 262144 3237.963 6123.066 9292.126 198.608344312 301.400272347 569.955172434 49.652086078 75.3500680868 142.488793109
3840 262144 4077.911 8247.852 11902.094 169.152244975 244.095786394 493.70030881 42.2880612437 61.0239465985 123.425077203
4224 131072 1467.943 1618.862 2933.025 377.52704324 683.996693974 754.31829165 94.3817608101 170.999173493 188.579572913
4608 131072 1890.898 2015.114 2080.202 580.693390353 599.449734357 638.828510052 145.173347588 149.862433589 159.707127513
5056 131072 2571.106 2642.87 2796.888 473.883853769 501.500287188 515.498024586 118.470963442 125.375071797 128.874506146
5504 131072 2170.086 2283.096 6016.97 239.795208552 631.96666982 664.877141275 59.948802138 157.991667455 166.219285319
6016 131072 2684.832 2782.106 5404.949 291.78042272 566.857734393 587.395525679 72.94510568 141.714433598 146.84888142
6592 131072 2469.063 4810.095 9521.961 181.480815559 359.255534038 699.882201467 45.3702038897 89.8138835096 174.970550367
7232 131072 5015.135 5207.062 9887.934 191.731195617 364.087350602 378.0208126 47.9327989042 91.0218376505 94.5052031501
7936 131072 12040.138 12683.153 15464.067 134.529602336 164.026625241 172.786622878 33.6324005839 41.0066563101 43.1966557194
8704 65536 1727.819 6339.073 6397.009 178.341266676 179.971217874 660.283680177 44.5853166691 44.9928044684 165.070920044
9536 65536 1805.067 6664.038 6756.067 185.004469612 187.559343449 692.441107172 46.2511174031 46.8898358623 173.110276793
10432 65536 1950.979 7134.914 7191.896 190.122758171 191.641147181 700.84972929 47.5306895428 47.9102867953 175.212432322
11456 65536 2137.899 7884.026 7966.995 188.472671566 190.456098445 702.353493781 47.1181678914 47.6140246113 175.588373445
12544 65536 2350.092 8671.045 12559.175 130.913628324 189.615803862 699.618214095 32.7284070809 47.4039509655 174.904553524
13760 65536 2419.949 7244.825 9573.936 188.381321956 248.94331057 745.284598973 47.0953304889 62.2358276425 186.321149743
15104 65536 2825.975 8040.905 10761.976 183.954274568 246.205058759 700.541047957 45.988568642 61.5512646897 175.135261989
16576 32768 1422.882 1436.234 5573.034 194.925194427 756.370296205 763.467902468 48.7312986068 189.092574051 190.866975617
18176 32768 1598.835 1634.836 6331.921 188.123372986 728.62497278 745.031436014 47.0308432465 182.156243195 186.257859004
19968 32768 1811.981 1863.956 6920.815 189.085078564 702.067456528 722.205612531 47.2712696409 175.516864132 180.551403133
21952 32768 1888.037 2052.069 7622.004 188.749083837 701.071100436 761.979914589 47.1872709592 175.267775109 190.494978647
24128 32768 2202.034 2223.969 2294.064 689.280075883 711.004788286 718.087281123 172.320018971 177.751197072 179.521820281
26496 32768 2403.021 2682.209 9260.893 187.502636733 647.392450029 722.60785736 46.8756591832 161.848112507 180.65196434
29120 32768 2704.859 2726.078 9950.161 191.796727711 700.056388702 705.548170903 47.9491819278 175.014097176 176.387042726
32000 32768 2816.916 2876.043 10879.993 192.75306519 729.179640221 744.485103567 48.1882662976 182.294910055 186.121275892
35200 16384 1878.977 6912.947 6927.013 166.512405852 166.851214106 613.862543288 41.6281014631 41.7128035265 153.465635822
38720 16384 2068.043 7692.814 9637.833 131.645460136 164.930149098 613.515753783 32.911365034 41.2325372744 153.378938446
42560 16384 3981.829 8697.033 10641.098 131.058475357 160.354235749 350.242584501 32.7646188391 40.0885589373 87.5606461252
46784 16384 2416.134 2528.906 9036.064 169.655517269 606.198139433 634.492173033 42.4138793174 151.549534858 158.623043258
51456 16384 2478.123 9426.832 14245.987 118.35685432 178.862868035 680.39811099 29.5892135799 44.7157170086 170.099527747
56576 16384 2721.071 10679.96 15578.985 118.998918607 173.585141517 681.306135709 29.7497296518 43.3962853793 170.326533927
62208 16384 2957.106 11189.938 11368.036 179.312569383 182.16649136 689.333336039 44.8281423458 45.5416228401 172.33333401
68416 8192 2338.886 7185.936 8497.953 131.905618212 155.989107612 479.257109581 32.976404553 38.9972769031 119.814277395
75200 8192 2117.872 7352.829 7457.972 165.20265831 167.565001172 581.752249428 41.3006645774 41.8912502929 145.438062357
82688 8192 2000.093 2062.082 7758.856 174.608240184 656.986575704 677.34859929 43.652060046 164.246643926 169.337149823
90944 8192 2141.953 2214.909 8452.892 176.274166995 672.725830271 695.639211505 44.0685417488 168.181457568 173.909802876
100032 8192 2413.988 2553.94 9728.909 168.459206269 641.723880749 678.92810072 42.1148015672 160.430970187 169.73202518
110016 8192 2609.968 2732.992 10443.926 172.588559513 659.534365267 690.622315676 43.1471398782 164.883591317 172.655578919
120960 8192 2947.092 8492.947 11408.806 173.708680821 233.347581234 672.462427369 43.4271702052 58.3368953085 168.115606842
133056 4096 2011.061 3437.996 6545.067 166.536836369 317.043635886 541.999845853 41.6342090921 79.2609089714 135.499961463
146304 4096 1849.174 3597.021 7009.983 170.973648296 333.198601843 648.139314094 42.7434120739 83.2996504608 162.034828523
160896 4096 1878.023 8108.139 9215.117 143.032370832 162.560117926 701.833807147 35.7580927079 40.6400294815 175.458451787
176960 4096 2084.97 2222.061 10422.945 139.083178507 652.392675089 695.288814707 34.7707946267 163.098168772 173.822203677
194624 4096 2233.028 2363.92 10999.203 144.952303181 674.455907137 713.990065507 36.2380757951 168.613976784 178.497516377
214080 4096 2621.174 3190.994 12503.862 140.256135264 549.591556737 669.067890953 35.0640338161 137.397889184 167.266972738
235456 4096 2923.012 3084.898 11246.92 171.500779947 625.257480798 659.886292632 42.8751949867 156.3143702 164.971573158
258944 4096 3151.894 4074.812 18697.977 113.449131315 520.580887658 673.01414578 28.3622828288 130.145221915 168.253536445
284800 2048 2059.937 2209.902 2319.098 503.014879061 527.869923644 566.299260608 125.753719765 131.967480911 141.574815152
313280 2048 2782.106 2862.93 3291.13 389.894923628 448.21035792 461.23148435 97.473730907 112.05258948 115.307871088
344576 2048 3135.92 3176.928 3217.936 438.598932981 444.260397466 450.069930355 109.649733245 111.065099366 112.517482589
379008 2048 3498.077 3793.955 6294.966 246.612415063 409.181650283 443.791479719 61.6531037658 102.295412571 110.94786993
416896 2048 3835.917 3861.904 4091.024 417.403079522 442.166873128 445.162399499 104.350769881 110.541718282 111.290599875
458560 2048 3938.913 3996.134 4091.978 459.010718044 470.019714054 476.847739465 114.752679511 117.504928513 119.211934866
504384 2048 4420.996 4471.064 4501.104 458.988920052 462.072755836 467.305752821 114.747230013 115.518188959 116.826438205
554816 1024 2581.12 2617.836 2617.836 434.046734784 434.046734784 440.22097694 108.511683696 108.511683696 110.055244235
610240 1024 2748.013 2790.928 2835.989 440.68278121 447.797836419 454.790978063 110.170695302 111.949459105 113.697744516
671232 1024 2968.788 2997.16 3057.003 449.683279997 458.661911943 463.045234621 112.420819999 114.665477986 115.761308655
738304 1024 3343.821 3492.117 3772.974 400.757225467 432.988525871 452.191248276 100.189306367 108.247131468 113.047812069
812096 1024 3543.854 3649.95 3655.91 454.927120197 455.669970274 469.311830566 113.731780049 113.917492568 117.327957642
893248 1024 3911.972 3917.933 4028.082 454.154583745 466.922712563 467.634201881 113.538645936 116.730678141 116.90855047
982528 1024 4242.897 4378.08 4486.084 448.546514956 459.611826189 474.25552494 112.136628739 114.902956547 118.563881235
1080768 512 2366.066 2382.04 2458.096 450.229133443 464.604470118 467.741150078 112.557283361 116.15111753 116.935287519
1188800 512 2691.984 2774.0 2893.925 420.650569728 438.836049027 452.205956648 105.162642432 109.709012257 113.051489162
1307648 512 3005.028 3021.955 3172.159 422.11993535 443.101089196 445.597030044 105.529983838 110.775272299 111.399257511
1438400 512 3117.085 3371.0 3488.064 422.274820645 436.939068526 472.531740392 105.568705161 109.234767131 118.132935098
1582208 512 3430.843 17606.974 18007.04 89.9748649417 92.0192755439 472.239910716 22.4937162354 23.004818886 118.059977679
1740416 512 4113.913 15840.054 17271.996 103.183557013 112.511357853 433.209449009 25.7958892533 28.1278394632 108.302362252
1914432 512 4597.902 9330.034 16961.098 115.580864399 210.114815016 426.363669343 28.8952160998 52.5287037539 106.590917336
2105856 256 2688.885 5172.014 9850.025 109.461475682 208.46777909 400.983408364 27.3653689204 52.1169447724 100.245852091
2316416 256 3278.971 6195.068 11795.044 100.551129101 191.443417893 361.700360265 25.1377822753 47.8608544733 90.4250900664
2548032 256 3681.898 7427.931 17884.016 72.9473952607 175.63334716 354.326052487 18.2368488152 43.9083367899 88.5815131218
2802816 256 4436.016 4471.779 17241.001 83.2342502619 320.910714058 323.497884588 20.8085625655 80.2276785145 80.8744711471
3083072 256 4814.863 4993.2 19701.004 80.1244882748 316.136518465 327.845852312 20.0311220687 79.0341296163 81.961463078
3391360 256 5295.992 6026.03 29921.055 58.0319216685 288.145980023 327.866114601 14.5079804171 72.0364950058 81.9665286503
3730496 256 5971.909 6278.992 25650.024 74.4644118852 304.191174634 319.833063766 18.6161029713 76.0477936586 79.9582659414
4103488 256 6577.969 6623.03 25918.007 81.0627860391 317.224269858 319.39734833 20.2656965098 79.3060674646 79.8493370826
4513792 128 3713.131 3957.033 14580.965 79.2492645034 292.019488339 311.20118089 19.8123161259 73.0048720847 77.8002952225
4965120 128 3966.093 5257.13 16233.921 78.2972098977 241.780347832 320.484345677 19.5743024744 60.4450869581 80.1210864193
5461632 128 4409.075 4476.07 17611.98 79.3878821121 312.367275758 317.113633132 19.846970528 78.0918189394 79.2784082829
6007744 128 4859.924 5101.919 24134.159 63.7263748863 301.451760406 316.462245912 15.9315937216 75.3629401016 79.1155614779
6608512 128 5536.795 15697.002 25955.915 65.1789417557 107.777209431 305.552051683 16.2947354389 26.9443023579 76.3880129208
7269312 128 6483.078 7972.956 24132.013 77.1151528884 233.407016419 287.04634928 19.2787882221 58.3517541048 71.7615873201
7996224 128 6742.001 7130.146 16214.848 126.244374539 287.095571956 303.624004802 31.5610936347 71.773892989 75.9060012005
8795840 64 4070.997 4329.92 6345.034 177.440738694 260.020397605 276.558179728 44.3601846736 65.0050994014 69.1395449321
9675392 64 4740.0 5373.001 9975.195 124.152979065 230.49505779 261.276408439 31.0382447661 57.6237644475 65.3191021097
10642880 64 5459.07 6576.061 8321.047 163.716013141 207.158759628 249.545918994 40.9290032853 51.7896899071 62.3864797484
11707136 64 6870.031 7429.123 30699.015 48.8130778137 201.707981952 218.123238163 12.2032694534 50.4269954879 54.5308095407
12877824 64 5162.001 9512.901 11119.843 148.236038225 173.27642451 319.326065997 37.0590095562 43.3191061276 79.8315164991
14165568 64 16670.942 16828.06 18528.938 97.8573463843 107.748172041 108.763662185 24.4643365961 26.9370430103 27.1909155463
15582080 64 31144.857 42416.096 45635.939 43.7047266629 47.0223907452 64.0396660033 10.9261816657 11.7555976863 16.0099165008
17140288 32 13154.984 25085.926 36820.889 29.7922853519 43.7288395095 83.3888077705 7.44807133798 10.9322098774 20.8472019426
18854272 32 16627.073 22584.915 24116.039 50.0361360338 53.4282908747 72.5728098987 12.5090340084 13.3570727187 18.1432024747
20739648 32 20833.969 33565.044 41699.171 31.8312676288 39.5452325938 63.7102547287 7.9578169072 9.88630814844 15.9275636822
22813568 32 28446.913 42773.008 59339.046 24.605524531 34.1352740962 51.3260736587 6.15138113275 8.53381852406 12.8315184147
25094912 32 49218.893 65968.037 70698.023 22.717387274 24.3462507153 32.631257432 5.67934681851 6.08656267883 8.15781435799
27604352 32 58412.075 63305.855 77105.999 22.9123356277 27.9070321063 30.2450910706 5.72808390693 6.97675802657 7.56127276766
30364736 32 73312.044 85661.173 89097.977 21.8113044699 22.6863937994 26.5078287 5.45282611748 5.67159844986 6.626957175
33401152 32 82530.975 95397.949 97477.913 21.9298265854 22.4079631733 25.9014718777 5.48245664636 5.60199079332 6.47536796942
36741248 16 31652.927 54523.945 54569.96 21.5451859595 21.5633688281 37.1441142236 5.38629648986 5.39084220703 9.28602855591
40415360 16 16687.155 31581.163 38316.965 33.7524519492 40.9513582511 77.5022177238 8.43811298729 10.2378395628 19.3755544309
44456896 16 33372.879 39666.176 65369.129 21.7628824762 35.864830328 42.6280475233 5.44072061906 8.966207582 10.6570118808
48902528 16 38414.001 45723.2 73312.998 21.3452039705 34.2250957063 40.7372534821 5.33630099263 8.55627392658 10.1843133705
53792768 16 48230.886 79732.18 81598.997 21.0954624356 21.5893830571 35.6901711488 5.27386560891 5.39734576428 8.92254278721
59172032 16 62847.137 89051.962 89683.056 21.1132972989 21.2629231459 30.1287395797 5.27832432472 5.31573078648 7.53218489491
65089216 16 65863.132 68341.97 97341.061 21.3974954721 30.4769516009 31.6239882428 5.34937386803 7.61923790022 7.90599706069
71598080 8 24358.988 54120.064 55765.152 20.5427446876 21.1671826552 47.028607264 5.13568617189 5.2917956638 11.757151816
78757888 8 32671.928 59955.12 61879.873 20.3640723051 21.0178247996 38.5690800984 5.09101807627 5.2544561999 9.64227002459
86633664 8 39649.01 65333.843 65883.875 21.0391180543 21.2162420019 34.9602329037 5.25977951358 5.30406050047 8.74005822592
95297024 8 72014.093 73396.206 73910.952 20.6295865868 20.7742670514 21.1729721292 5.15739664671 5.19356676284 5.2932430323
104826688 8 65639.973 79443.932 80027.103 20.9582372112 21.1120845328 25.5519149589 5.2395593028 5.27802113319 6.38797873972
115309312 8 87450.027 88006.973 88072.062 20.9481752795 20.9636683221 21.0971803588 5.23704381987 5.24091708051 5.2742950897
126840192 8 73810.101 96734.047 97201.824 20.8786521537 20.9796150884 27.4954653158 5.21966303842 5.24490377209 6.87386632895
139524160 4 37214.994 53431.034 53914.07 20.7031908368 20.8903552194 29.9931065419 5.17579770921 5.22258880485 7.49827663549
153476544 4 30420.78 58887.005 58946.133 20.8293960861 20.8503107264 40.3609753596 5.20734902152 5.21257768161 10.0902438399
168824192 4 63979.864 65026.999 66334.963 20.3602063666 20.7697349835 21.1096656285 5.09005159165 5.19243374587 5.27741640714
185706560 4 25223.017 45982.122 71365.833 20.8174194506 32.3093501426 58.9006652138 5.20435486264 8.07733753566 14.7251663035
204277184 4 78613.997 79090.118 79100.132 20.6601105546 20.6627264357 20.7878690101 5.16502763864 5.16568160892 5.19696725254
224704896 4 46818.972 57992.935 58635.95 30.6576284344 30.9975545814 38.3955283768 7.66440710861 7.74938864536 9.59888209421
247175360 4 71393.967 72659.969 93811.035 21.0785743916 27.2144745892 27.6970584924 5.2696435979 6.80361864729 6.92426462309
271892864 2 51938.057 52110.91 52525.997 20.7053938643 20.8703217042 20.9397793991 5.17634846607 5.21758042606 5.23494484979
299082112 2 56701.899 59097.052 59808.969 20.0024924021 20.2434539036 21.0985605262 5.00062310053 5.0608634759 5.27464013154
328990272 2 18172.979 63405.037 65421.82 20.1150180169 20.7548351088 72.413063813 5.02875450423 5.18870877719 18.1032659533
361889280 2 63577.89 69372.177 70475.817 20.5397706847 20.8665373151 22.7682472633 5.13494267119 5.21663432877 5.69206181583
398078208 2 50645.113 75662.136 77151.06 20.6388976639 21.0450420274 31.4406018208 5.15972441597 5.26126050684 7.86015045519
437886016 2 83061.934 84923.029 85169.077 20.5654930838 20.62507761 21.0872054099 5.14137327096 5.1562694025 5.27180135247
481674560 2 69494.009 90091.944 92087.984 20.9223631174 21.3859103762 27.7246667407 5.23059077936 5.34647759405 6.93116668517
529841984 2 54952.86 100611.925 101480.007 20.8845860249 21.0647787129 38.5670179132 5.22114650623 5.26619467822 9.64175447829
582826176 1 15912.056 16944.17 55650.949 20.9457767198 68.7937120555 73.2559231818 5.23644417995 17.1984280139 18.3139807954
641108736 1 25367.975 61316.967 62326.908 20.5724543884 20.9112996734 50.5447309846 5.1431135971 5.22782491835 12.6361827462
705219584 1 41909.218 67243.099 67610.979 20.8610966571 20.9752255469 33.6546286309 5.21527416427 5.24380638673 8.41365715772
775741504 1 54750.204 73867.798 76512.814 20.2774270987 21.0035096484 28.337483601 5.06935677467 5.2508774121 7.08437090024
853315648 1 80945.969 81655.979 81947.803 20.8258334394 20.9002612779 21.0835859658 5.20645835984 5.22506531947 5.27089649146
938647168 1 89347.839 90477.943 91037.989 20.6209996137 20.7486407599 21.011077123 5.15524990342 5.18716018997 5.25276928074
1032511872 1 59999.943 97963.095 100994.825 20.4468272904 21.0796090507 34.4170950962 5.1117068226 5.26990226268 8.60427377406

META_DATA
ERT_VERSION  1.1.0
OPENMP_THREADS 8
TIMESTAMP_DATA  1494194673.19
HOSTNAME  ('c4ba798bf1f2', [], ['172.17.0.9'])
TIMESTAMP_DATA  1494194661.28
FLOPS          4
TIMESTAMP_DATA  1494194684.98
CONFIG  {'ERT_WORKING_SET_MIN': ['1'], 'ERT_CFLAGS': ['-Ofast', '-march=native'], 'ERT_CC': ['cc'], 'ERT_MPI_CFLAGS': [], 'ERT_MPI_LDFLAGS': [], 'ERT_MEMORY_MAX': ['1073741824', '#', '1GB'], 'ERT_LDFLAGS': [], 'ERT_LDLIBS': [], 'ERT_RUN': ['export', 'OMP_NUM_THREADS=ERT_OPENMP_THREADS', ';', './ERT_CODE'], 'ERT_FLOPS': ['1,4,16,32,64'], 'ERT_OPENMP_CFLAGS': ['-fopenmp'], 'ERT_MPI': ['False'], 'ERT_TRIALS_MIN': ['1'], 'ERT_DRIVER': ['driver1'], 'ERT_RESULTS': ['Results'], 'ERT_OPENMP': ['True'], 'ERT_OPENMP_THREADS': ['1,2,4,8', '#', ',16'], 'ERT_KERNEL': ['kernel1'], 'ERT_GPU': [False], 'ERT_LD': ['cc'], 'ERT_NUM_EXPERIMENTS': ['3'], 'ERT_OPENMP_LDFLAGS': ['-fopenmp'], 'ERT_ALIGN': ['64'], 'ERT_GNUPLOT': ['gnuplot']}
UNAME  ('Linux', 'c4ba798bf1f2', '4.9.12-moby', '#1 SMP Tue Feb 28 12:11:36 UTC 2017', 'x86_64', 'x86_64')
