8 134217728 2016847.849 2028450.012 2031915.903 1.05687624415 1.05868206527 1.06477226285 1.05687624415 1.05868206527 1.06477226285
16 67108864 1002145.052 1012989.044 1013513.088 2.11885142227 2.11994755592 2.14288704386 2.11885142227 2.11994755592 2.14288704386
24 33554432 500494.957 504941.94 508769.989 3.16569917806 3.18969887112 3.21803988926 3.16569917806 3.18969887112 3.21803988926
32 33554432 510544.062 516864.777 519233.942 4.13586916088 4.15482683975 4.2062650569 4.13586916088 4.15482683975 4.2062650569
40 16777216 258486.986 258581.877 261558.056 5.13146985616 5.19053112141 5.19243657396 5.13146985616 5.19053112141 5.19243657396
48 16777216 255110.025 267456.055 277435.064 5.80536833657 6.02197148238 6.31340432819 5.80536833657 6.02197148238 6.31340432819
56 16777216 255383.968 256714.106 258752.108 7.26196283587 7.319614108 7.35773747552 7.26196283587 7.319614108 7.35773747552
64 16777216 260663.033 267587.9 270459.175 7.94013975677 8.02533914276 8.23854316158 7.94013975677 8.02533914276 8.23854316158
72 8388608 130347.013 131084.919 131119.967 9.21262855412 9.21509172234 9.26725917379 9.21262855412 9.21509172234 9.26725917379
80 8388608 130663.872 131232.023 131644.964 10.1954320106 10.2275134477 10.2719845927 10.1954320106 10.2275134477 10.2719845927
88 8388608 131047.964 132029.057 135473.013 10.8980746446 11.1823491097 11.2660659726 10.8980746446 11.1823491097 11.2660659726
96 8388608 130814.075 133830.07 134760.141 11.9516996943 12.0347597218 12.3122281452 11.9516996943 12.0347597218 12.3122281452
104 8388608 131679.058 132434.845 133687.019 13.051607232 13.1750104287 13.2506299065 13.051607232 13.1750104287 13.2506299065
112 8388608 130471.945 130757.093 131145.954 14.3279158425 14.3705259033 14.40193286 14.3279158425 14.3705259033 14.40193286
120 8388608 130909.92 131720.066 132477.999 15.196983161 15.2844284181 15.3790172662 15.196983161 15.2844284181 15.3790172662
128 8388608 130681.038 130807.161 133684.874 16.0637743355 16.4171719009 16.4330164565 16.0637743355 16.4171719009 16.4330164565
136 4194304 65571.785 65967.798 66372.156 17.1886941265 17.2940544112 17.3984997968 17.1886941265 17.2940544112 17.3984997968
144 4194304 65827.131 68778.992 69560.051 17.3657082569 17.5629144434 18.3504815363 17.3657082569 17.5629144434 18.3504815363
152 4194304 67025.9 67656.04 70577.86 18.0661246459 18.8463353161 19.0235180132 18.0661246459 18.8463353161 19.0235180132
160 4194304 65574.884 65637.827 66099.167 20.3055097502 20.4482284278 20.4678559553 20.3055097502 20.4482284278 20.4678559553
176 4194304 67032.814 67651.033 67896.843 21.7446782909 21.8236875703 22.0249594176 21.7446782909 21.8236875703 22.0249594176
192 4194304 66547.871 66675.901 73340.178 21.9608511995 24.1558450931 24.2023179975 21.9608511995 24.1558450931 24.2023179975
208 4194304 69432.02 70419.073 72893.858 23.9365909814 24.7778107502 25.13005475 23.9365909814 24.7778107502 25.13005475
224 4194304 67454.1 67972.183 71712.971 26.2023475781 27.6443702272 27.8566935442 26.2023475781 27.6443702272 27.8566935442
240 4194304 74462.891 75470.209 76245.07 26.4051947228 26.6762997834 27.0371710387 26.4051947228 26.6762997834 27.0371710387
264 2097152 39484.024 40780.067 41126.966 26.9238498167 27.1528797635 28.0441592275 26.9238498167 27.1528797635 28.0441592275
288 2097152 37544.012 37603.855 37906.17 31.8670958316 32.1232903382 32.174493019 31.8670958316 32.1232903382 32.174493019
312 2097152 49674.988 49734.831 49920.082 26.2143569396 26.3119994919 26.343697315 26.2143569396 26.3119994919 26.343697315
336 2097152 50331.116 50463.2 50744.772 27.7720460346 27.9270070864 28.0002959601 27.7720460346 27.9270070864 28.0002959601
368 2097152 53709.03 54458.141 54506.063 28.3180216483 28.3429409021 28.7382563416 28.3180216483 28.3429409021 28.7382563416
400 2097152 58176.994 58234.93 59621.096 28.1397309436 28.8095409405 28.83823114 28.1397309436 28.8095409405 28.83823114
440 2097152 65899.134 66122.055 69099.903 26.7076172307 27.9104114353 28.004825678 26.7076172307 27.9104114353 28.004825678
480 2097152 62317.133 65366.03 67756.891 29.7130799582 30.7998806108 32.3067802237 29.7130799582 30.7998806108 32.3067802237
528 1048576 37163.973 37172.079 37533.998 29.5011540204 29.788386493 29.7948837709 29.5011540204 29.788386493 29.7948837709
576 1048576 37129.164 37843.943 40040.016 30.1688079246 31.9194950695 32.5339819663 30.1688079246 31.9194950695 32.5339819663
632 1048576 44912.815 45073.032 45171.022 29.341821489 29.4056114086 29.5105097287 29.341821489 29.4056114086 29.5105097287
688 1048576 47064.066 47107.935 49628.973 29.0725455068 30.6283978697 30.6569469795 29.0725455068 30.6283978697 30.6569469795
752 1048576 50884.962 51116.943 52659.988 29.9479427151 30.8519682799 30.9926202559 29.9479427151 30.8519682799 30.9926202559
824 1048576 57167.053 57493.925 60415.983 28.6025843195 30.0562754761 30.2281324175 28.6025843195 30.0562754761 30.2281324175
904 1048576 59413.91 60655.832 60997.009 31.080629019 31.2554513802 31.9087804186 31.080629019 31.2554513802 31.9087804186
992 1048576 63113.928 63220.978 63321.829 32.8539907462 32.9063998978 32.9622137288 32.8539907462 32.9063998978 32.9622137288
1088 524288 34940.004 35368.919 37857.056 30.1357476926 32.2557409233 32.6517045619 30.1357476926 32.2557409233 32.6517045619
1192 524288 38583.994 38594.007 39250.851 31.8439615997 32.3859243742 32.3943289023 31.8439615997 32.3859243742 32.3943289023
1304 524288 43577.909 43713.808 44065.952 31.0294692828 31.2794324393 31.3769782759 31.0294692828 31.2794324393 31.3769782759
1432 524288 47550.917 47893.047 50554.991 29.7015349483 31.3523763063 31.5779574135 29.7015349483 31.3523763063 31.5779574135
1568 524288 49592.018 49595.833 49825.907 32.9982386071 33.1513167245 33.1538669792 32.9982386071 33.1513167245 33.1538669792
1720 524288 56543.112 56656.122 56735.039 31.7890099626 31.8332892604 31.8969129255 31.7890099626 31.8332892604 31.8969129255
1888 524288 59637.07 63037.872 64257.86 30.8088611728 31.4051129137 33.1959884682 30.8088611728 31.4051129137 33.1959884682
2072 262144 33967.018 33991.098 34003.973 31.9469944292 31.9590951725 31.9817517098 31.9469944292 31.9590951725 31.9817517098
2272 262144 36452.055 36514.044 36525.965 32.6119333466 32.6225803967 32.6780571356 32.6119333466 32.6225803967 32.6780571356
2496 262144 40365.934 41810.989 42463.779 30.817390228 31.2985384775 32.4189909244 30.817390228 31.2985384775 32.4189909244
2744 262144 44223.785 44227.839 44275.045 32.493389267 32.528070657 32.5310525094 32.493389267 32.528070657 32.5310525094
3016 262144 48385.143 48387.051 48626.184 32.5185420267 32.6792514799 32.6805401402 32.5185420267 32.6792514799 32.6805401402
3312 262144 53172.112 53308.964 53916.931 32.2058734389 32.5731682949 32.6570036564 32.2058734389 32.5731682949 32.6570036564
3640 262144 58297.157 58308.125 58362.007 32.6994978086 32.7297151126 32.735872866 32.6994978086 32.7297151126 32.735872866
4000 262144 63483.0 63679.934 63890.934 32.8239371176 32.9326974491 33.0348597262 32.8239371176 32.9326974491 33.0348597262
4400 131072 37364.96 37504.911 37572.861 30.6985832141 30.7542017631 30.8693920721 30.6985832141 30.7542017631 30.8693920721
4840 131072 40517.807 40850.163 41440.964 30.6164924156 31.0592875725 31.3140580387 30.6164924156 31.0592875725 31.3140580387
5320 131072 44316.053 44342.041 45909.166 30.3775084914 31.4511025778 31.4695462613 30.3775084914 31.4511025778 31.4695462613
5848 131072 48657.894 48736.095 51964.998 29.5009750987 31.4554974501 31.5060514539 29.5009750987 31.4554974501 31.5060514539
6432 131072 52878.141 52917.004 53414.822 31.566335801 31.8632968715 31.8867149282 31.566335801 31.8632968715 31.8867149282
7072 131072 57924.986 58643.103 60066.938 30.8636069979 31.6129650916 32.0048824526 30.8636069979 31.6129650916 32.0048824526
7776 131072 63503.027 63611.031 63636.065 32.0326491589 32.045255547 32.0997571344 32.0326491589 32.045255547 32.0997571344
8552 65536 35709.143 35742.998 35836.935 31.2785606247 31.3607645335 31.390496938 31.2785606247 31.3607645335 31.390496938
9400 65536 39163.828 39321.899 39653.063 31.0714155928 31.3330950776 31.4595600818 31.0714155928 31.3330950776 31.4595600818
10336 65536 42758.942 42759.18 43156.862 31.3915361131 31.6834932756 31.6836696287 31.3915361131 31.6834932756 31.6836696287
11368 65536 46854.019 46932.936 46933.174 31.7478314166 31.747992412 31.8014660813 31.7478314166 31.747992412 31.8014660813
12504 65536 52700.043 52742.004 52836.18 31.0189776778 31.0743650924 31.0991072246 31.0189776778 31.0743650924 31.0991072246
13752 65536 57231.903 57376.862 57894.945 31.1340160009 31.415139852 31.4947092359 31.1340160009 31.415139852 31.4947092359
15120 65536 62645.912 62689.066 62733.889 31.5907186943 31.6133062183 31.6350832278 31.5907186943 31.6133062183 31.6350832278
16632 32768 34897.089 34905.91 35254.955 30.9174909456 31.2266533661 31.2345465835 30.9174909456 31.2266533661 31.2345465835
18288 32768 38029.909 38362.026 44152.021 27.1453569022 31.2424158203 31.5152573202 27.1453569022 31.2424158203 31.5152573202
20112 32768 41626.93 41629.076 41698.933 31.6089630399 31.6620054694 31.663637746 31.6089630399 31.6620054694 31.663637746
22120 32768 45994.043 46066.046 48920.87 29.6326766061 31.469085061 31.5183494523 29.6326766061 31.469085061 31.5183494523
24328 32768 50396.204 50423.145 50450.087 31.6027167208 31.6196026249 31.6365059559 31.6027167208 31.6196026249 31.6365059559
26760 32768 55693.865 55748.94 55767.059 31.4476572989 31.4578781229 31.488986444 31.4476572989 31.4578781229 31.488986444
29432 32768 61416.864 61423.779 61491.966 31.3676025906 31.4024240026 31.40595964 31.3676025906 31.4024240026 31.40595964
32368 32768 67142.01 67300.797 67624.807 31.3682114908 31.5192292299 31.593770398 31.3682114908 31.5192292299 31.593770398
35600 16384 40853.024 40927.172 41458.13 28.1378055402 28.5028440274 28.5545765229 28.1378055402 28.5028440274 28.5545765229
39160 16384 44821.978 44883.013 48030.138 26.7164520743 28.5897669125 28.6286981802 26.7164520743 28.5897669125 28.6286981802
43072 16384 51710.844 52078.962 52492.142 26.8875157733 27.1008338453 27.2937586553 26.8875157733 27.1008338453 27.2937586553
47376 16384 56890.011 56921.005 57005.882 27.2325716844 27.2731791717 27.2880377541 27.2325716844 27.2731791717 27.2880377541
52112 16384 62525.988 62530.994 62818.05 27.1833655454 27.3081540332 27.310340398 27.1833655454 27.3081540332 27.310340398
57320 16384 65310.001 65578.938 65637.112 28.6158501306 28.6412347818 28.7591751836 28.6158501306 28.6412347818 28.7591751836
63048 16384 75750.113 75751.066 75989.008 27.1875751293 27.2729741387 27.2733172556 27.1875751293 27.2729741387 27.2733172556
69352 8192 39490.938 39581.06 39608.002 28.6877173961 28.7072445255 28.7727571323 28.6877173961 28.7072445255 28.7727571323
76280 8192 43563.128 43613.911 43763.876 28.5571488229 28.6553416409 28.6887461341 28.5571488229 28.6553416409 28.6887461341
83904 8192 50363.064 50583.124 53439.856 25.7239303938 27.1767148269 27.2954627224 25.7239303938 27.1767148269 27.2954627224
92288 8192 55501.938 56415.796 57338.953 26.370320923 26.8018303243 27.243131438 26.370320923 26.8018303243 27.243131438
101512 8192 60956.955 61049.223 61454.058 27.0636742654 27.2431412927 27.2843780993 27.0636742654 27.2431412927 27.2843780993
111656 8192 63720.942 63795.805 64018.965 28.5754682851 28.6754262917 28.7091158194 28.5754682851 28.6754262917 28.7091158194
122816 8192 73684.216 74038.982 77455.044 25.9791646881 27.177809441 27.3086619256 25.9791646881 27.177809441 27.3086619256
135096 4096 38570.166 38918.018 39366.007 28.1132509071 28.4368652073 28.6933282061 28.1132509071 28.4368652073 28.6933282061
148600 4096 42443.037 42475.939 43134.928 28.221472863 28.6593122756 28.681529081 28.221472863 28.6593122756 28.681529081
163456 4096 49131.155 49881.22 50418.854 26.5581512821 26.8444026028 27.2542249821 26.5581512821 26.8444026028 27.2542249821
179800 4096 54086.924 55603.981 56652.784 25.9991035922 26.4894990163 27.2324896864 25.9991035922 26.4894990163 27.2324896864
197776 4096 59689.045 60839.176 62577.963 25.8905997308 26.6305544967 27.1436909738 25.8905997308 26.6305544967 27.1436909738
217552 4096 66035.986 66816.092 72907.925 24.4443383075 26.6730054191 26.9881028808 24.4443383075 26.6730054191 26.9881028808
239304 4096 73657.036 74924.946 80559.015 24.3346864159 26.1645616401 26.614950512 24.3346864159 26.1645616401 26.614950512
263232 2048 41342.974 42100.191 45110.941 23.9010370455 25.6102940721 26.0793592643 23.9010370455 25.6102940721 26.0793592643
289552 2048 47216.892 47441.006 47605.991 24.9129356849 24.9995750933 25.1182350588 24.9129356849 24.9995750933 25.1182350588
318504 2048 50715.208 51774.025 52910.805 24.6564455786 25.1978165499 25.7238890551 24.6564455786 25.1978165499 25.7238890551
350352 2048 58965.921 60747.147 61799.049 23.2210983053 23.6231965264 24.3367994201 23.2210983053 23.6231965264 24.3367994201
385384 2048 62556.028 63796.997 64430.952 24.4996048483 24.7430590503 25.2339049404 24.4996048483 24.7430590503 25.2339049404
423920 2048 68942.07 69373.131 70527.077 24.6199955231 25.0295221647 25.1860195088 24.6199955231 25.0295221647 25.1860195088
466312 2048 80260.992 81094.027 81254.005 23.5067053249 23.5530781077 23.7975373143 23.5067053249 23.5530781077 23.7975373143
512936 2048 84737.062 85043.192 87815.046 23.9251239019 24.7049270681 24.7941786795 23.9251239019 24.7049270681 24.7941786795
564224 1024 48962.831 49834.013 51991.94 22.2251901352 23.1875918161 23.600162172 22.2251901352 23.1875918161 23.600162172
620640 1024 51288.843 51320.791 51445.961 24.7069098389 24.7671693135 24.78259687 24.7069098389 24.7671693135 24.78259687
682704 1024 59194.088 59276.819 63557.863 21.9985022467 23.5872608481 23.6202269389 21.9985022467 23.5872608481 23.6202269389
750968 1024 62025.07 63905.954 69721.937 22.05880287 24.0663407356 24.7961423341 22.05880287 24.0663407356 24.7961423341
826064 1024 71535.11 71902.99 74075.222 22.8386635412 23.5286331208 23.6496326349 22.8386635412 23.5286331208 23.6496326349
908664 1024 75027.943 75130.939 77844.143 23.9060229875 24.7693413229 24.8033438955 23.9060229875 24.7693413229 24.8033438955
999528 1024 82684.994 82759.857 83223.104 24.596935774 24.7346167357 24.7570114597 24.596935774 24.7346167357 24.7570114597
1099480 512 47651.052 47733.068 47970.772 23.469864525 23.5867411665 23.627338175 23.469864525 23.5867411665 23.627338175
1209424 512 52463.055 52511.93 52804.947 23.4532983434 23.5841679405 23.6061391392 23.4532983434 23.5841679405 23.6061391392
1330360 512 55060.863 55104.017 57327.986 23.7630646923 24.722129423 24.7415054137 23.7630646923 24.722129423 24.7415054137
1463392 512 60759.068 60974.836 63632.011 23.5496786044 24.5759317499 24.6632059596 23.5496786044 24.5759317499 24.6632059596
1609728 512 70407.152 74796.915 74875.116 22.0148102609 22.0378269879 23.4118470237 22.0148102609 22.0378269879 23.4118470237
1770696 512 78150.034 81779.003 82095.146 22.0864788279 22.171861205 23.2014320557 22.0864788279 22.171861205 23.2014320557
1947760 512 81895.113 82679.987 84050.894 23.7297445046 24.123204567 24.3543987783 23.7297445046 24.123204567 24.3543987783
2142536 256 48175.097 48516.035 50740.957 21.6191908245 22.610636504 22.7706533108 21.6191908245 22.610636504 22.7706533108
2356784 256 51012.039 51618.099 51740.885 23.3214682741 23.3769439669 23.6546790063 23.3214682741 23.3769439669 23.6546790063
2592456 256 60306.787 60359.955 61575.89 21.5561232164 21.9903654998 22.0097527663 21.5561232164 21.9903654998 22.0097527663
2851696 256 67343.95 67781.925 70900.917 20.5930813561 21.5406740366 21.6807649685 20.5930813561 21.5406740366 21.6807649685
3136864 256 70641.994 74038.982 77629.089 20.6890791672 21.6922805341 22.7354053454 20.6890791672 21.6922805341 22.7354053454
3450544 256 79798.937 83860.874 86569.071 20.4077334733 21.0667793422 22.1391235826 20.4077334733 21.0667793422 22.1391235826
3795592 256 94151.974 95690.012 101056.099 19.2303396156 20.3087350851 20.6404924022 19.2303396156 20.3087350851 20.6404924022
4175144 256 105017.185 107103.825 112575.054 18.9888758836 19.9588924859 20.3554658983 18.9888758836 19.9588924859 20.3554658983
4592656 128 60941.935 61271.191 66757.917 17.6116929472 19.1887886756 19.292461521 17.6116929472 19.1887886756 19.292461521
5051920 128 68762.064 69139.957 73462.009 17.6049026919 18.7054140054 18.8082126214 17.6049026919 18.7054140054 18.8082126214
5557112 128 75381.994 78259.945 80244.064 17.7286717682 18.1781455635 18.8721549605 17.7286717682 18.1781455635 18.8721549605
6112816 128 85226.774 86781.979 93653.917 16.7091878923 18.0323255362 18.3613766256 16.7091878923 18.0323255362 18.3613766256
6724096 128 97956.896 98142.147 105641.127 16.294492731 17.5395447177 17.5727145948 16.294492731 17.5395447177 17.5727145948
7396504 128 109127.045 109376.907 117464.066 16.1198661725 17.311744096 17.3513818137 16.1198661725 17.311744096 17.3513818137
8136152 128 122123.003 124392.033 134051.085 15.5377698882 16.7442790488 17.0553856426 15.5377698882 16.7442790488 17.0553856426
8949760 64 67176.104 70434.093 71705.103 15.9761193007 16.2644144505 17.0532259507 15.9761193007 16.2644144505 17.0532259507
9844736 64 74414.968 75783.014 79796.076 15.7918317688 16.6280824882 16.9337734312 15.7918317688 16.6280824882 16.9337734312
10829208 64 81981.897 86812.973 87796.926 15.7880086143 15.966952589 16.9078622809 15.7880086143 15.966952589 16.9078622809
11912128 64 90308.905 95800.161 95937.014 15.8932649707 15.9159689095 16.8837434581 15.8932649707 15.9159689095 16.8837434581
13103336 64 97608.089 99976.063 108231.068 15.4967241754 16.7762858195 17.1832788162 15.4967241754 16.7762858195 17.1832788162
14413664 64 110819.101 113358.021 114275.932 16.1446855844 16.2754163819 16.64829416 16.1446855844 16.2754163819 16.64829416
15855024 64 118770.123 118885.04 127500.057 15.9171934488 17.0706345559 17.0871513874 15.9171934488 17.0706345559 17.0871513874
17440520 32 66370.01 66864.014 75505.018 14.7830344203 16.6934829847 16.8177356008 14.7830344203 16.6934829847 16.8177356008
19184568 32 71835.041 72970.152 76232.91 16.1060669467 16.8262271401 17.0921090168 16.1060669467 16.8262271401 17.0921090168
21103024 32 79006.91 79910.04 84419.012 15.9986892052 16.9014248522 17.0946254701 15.9986892052 16.9014248522 17.0946254701
23213320 32 90142.965 90496.063 96636.057 15.3736868631 16.4167636773 16.4810695987 15.3736868631 16.4167636773 16.4810695987
25534648 32 97363.949 102222.919 104074.001 15.7024564857 15.9868010813 16.7846260221 15.7024564857 15.9868010813 16.7846260221
28088112 32 105164.051 105188.131 111384.153 16.1390926769 17.0897529114 17.0936660475 16.1390926769 17.0897529114 17.0936660475
30896920 32 117585.897 117829.8 124483.109 15.8849091727 16.7818572212 16.8166670532 15.8849091727 16.7818572212 16.8166670532
33986608 16 63391.209 64074.039 67736.864 16.055828271 16.9736678532 17.1565028204 16.055828271 16.9736678532 17.1565028204
37385264 16 69875.002 70101.976 74100.971 16.1445718167 17.0655453136 17.1209790878 16.1445718167 17.0655453136 17.1209790878
41123784 16 78126.907 78315.02 84244.013 15.6208262301 16.8034316789 16.8438907738 15.6208262301 16.8034316789 16.8438907738
45236160 16 85846.901 86251.02 95362.902 15.1794575211 16.7830724784 16.8620777586 15.1794575211 16.7830724784 16.8620777586
49759776 16 92864.037 93400.955 102229.834 15.575813534 17.0481429446 17.1467112936 15.575813534 17.0481429446 17.1467112936
54735752 16 103797.913 103846.073 113904.953 15.3772423224 16.8667337474 16.8745595492 15.3772423224 16.8667337474 16.8745595492
60209320 16 112496.138 112547.874 125969.172 15.2949980492 17.1189216777 17.1267945216 15.2949980492 17.1189216777 17.1267945216
66230248 16 123416.901 125220.06 133289.099 15.9005346416 16.925147105 17.1724287259 15.9005346416 16.925147105 17.1724287259
72853272 8 69163.084 69438.934 75273.991 15.4854596723 16.7867259022 16.8536780691 15.4854596723 16.7867259022 16.8536780691
80138592 8 74454.069 74778.08 79643.011 16.0995604749 17.1469697002 17.2215902935 16.0995604749 17.1469697002 17.2215902935
88152448 8 83838.94 85510.969 90179.92 15.6402796543 16.4942484513 16.8231989574 15.6402796543 16.4942484513 16.8231989574
96967688 8 92223.167 92393.16 98825.932 15.6991487619 16.7921847029 16.8231373794 15.6991487619 16.7921847029 16.8231373794
106664456 8 101583.958 102960.11 107516.05 15.8732700467 16.575655329 16.8002047725 15.8732700467 16.575655329 16.8002047725
117330896 8 111104.965 112697.124 118027.21 15.9056063089 16.6578726179 16.8965836585 15.9056063089 16.6578726179 16.8965836585
129063984 8 119257.927 120332.956 128355.98 16.0882550544 17.1609159506 17.3156099217 16.0882550544 17.1609159506 17.3156099217
141970376 4 67183.018 67378.998 71413.994 15.9039278492 16.856335679 16.9055074007 15.9039278492 16.856335679 16.9055074007
156167408 4 73199.034 76001.883 79170.227 15.7804178583 16.4382672466 17.0677015219 15.7804178583 16.4382672466 17.0677015219
171784144 4 81431.866 82683.086 86303.949 15.9236415937 16.6209707267 16.8763558973 15.9236415937 16.6209707267 16.8763558973
188962552 4 87837.934 88099.957 93065.977 16.2433196828 17.158923426 17.2101089718 16.2433196828 17.158923426 17.2101089718
207858800 4 96616.983 98536.968 104103.088 15.9733052299 16.8755994197 17.2109534822 15.9733052299 16.8755994197 17.2109534822
228644680 4 108400.106 111605.883 114912.033 15.9178929503 16.3894356716 16.8741296249 15.9178929503 16.3894356716 16.8741296249
251509144 4 119685.888 125442.028 126530.886 15.901834055 16.0398646616 16.8112814771 15.901834055 16.0398646616 16.8112814771
276660056 2 65830.946 67309.856 69577.932 15.9050462149 16.4409833829 16.8103345196 15.9050462149 16.4409833829 16.8103345196
304326056 2 70514.917 70719.004 76457.977 15.9212193647 17.2132546437 17.263073911 15.9212193647 17.2132546437 17.263073911
334758656 2 78938.007 78996.181 84491.014 15.8482489511 16.9506247903 16.9631166898 15.8482489511 16.9506247903 16.9631166898
368234520 2 86777.21 87560.892 91705.084 16.0616839956 16.8218715725 16.9737893163 16.0616839956 16.8218715725 16.9737893163
405057968 2 93872.786 94351.053 100080.967 16.1892108017 17.1723772071 17.2598677534 16.1892108017 17.1723772071 17.2598677534
445563760 2 103644.848 106754.065 116655.111 15.277985034 16.6949618265 17.1957899924 15.277985034 16.6949618265 17.1957899924
490120136 2 115617.99 115805.864 122684.002 15.9799200551 16.9290265301 16.9565354319 15.9799200551 16.9290265301 16.9565354319
539132144 1 62412.977 62608.004 67266.941 16.029631673 17.2224670826 17.2762835524 16.029631673 17.2224670826 17.2762835524
593045352 1 68615.198 69303.989 73312.044 16.1786609578 17.114320851 17.2861222961 16.1786609578 17.114320851 17.2861222961
652349880 1 75651.884 79176.903 80124.855 16.2833338045 16.4782873612 17.2460974006 16.2833338045 16.4782873612 17.2460974006
717584864 1 83295.107 83454.132 90587.854 15.8428493957 17.1971080833 17.2299403853 15.8428493957 17.1971080833 17.2299403853
789343344 1 91766.119 92392.921 98339.081 16.0535025541 17.0866628191 17.2033720637 16.0535025541 17.0866628191 17.2033720637
868277672 1 100780.01 100837.946 107184.887 16.2014943767 17.2212486756 17.2311487566 16.2014943767 17.2212486756 17.2311487566
955105432 1 112720.966 114921.093 121432.066 15.7306955809 16.6219343563 16.9463670494 15.7306955809 16.6219343563 16.9463670494
1050615968 1 122267.008 123910.904 131808.043 15.9416063555 16.9576031501 17.1856003543 15.9416063555 16.9576031501 17.1856003543

META_DATA
ERT_VERSION  1.1.0
TIMESTAMP_DATA  1494194699.5
HOSTNAME  ('c4ba798bf1f2', [], ['172.17.0.9'])
UNAME  ('Linux', 'c4ba798bf1f2', '4.9.12-moby', '#1 SMP Tue Feb 28 12:11:36 UTC 2017', 'x86_64', 'x86_64')
OPENMP_THREADS 1
CONFIG  {'ERT_WORKING_SET_MIN': ['1'], 'ERT_CFLAGS': ['-Ofast', '-march=native'], 'ERT_CC': ['cc'], 'ERT_MPI_CFLAGS': [], 'ERT_MPI_LDFLAGS': [], 'ERT_MEMORY_MAX': ['1073741824', '#', '1GB'], 'ERT_LDFLAGS': [], 'ERT_LDLIBS': [], 'ERT_RUN': ['export', 'OMP_NUM_THREADS=ERT_OPENMP_THREADS', ';', './ERT_CODE'], 'ERT_FLOPS': ['1,4,16,32,64'], 'ERT_OPENMP_CFLAGS': ['-fopenmp'], 'ERT_MPI': ['False'], 'ERT_TRIALS_MIN': ['1'], 'ERT_DRIVER': ['driver1'], 'ERT_RESULTS': ['Results'], 'ERT_OPENMP': ['True'], 'ERT_OPENMP_THREADS': ['1,2,4,8', '#', ',16'], 'ERT_KERNEL': ['kernel1'], 'ERT_GPU': [False], 'ERT_LD': ['cc'], 'ERT_NUM_EXPERIMENTS': ['3'], 'ERT_OPENMP_LDFLAGS': ['-fopenmp'], 'ERT_ALIGN': ['64'], 'ERT_GNUPLOT': ['gnuplot']}
TIMESTAMP_DATA  1494194735.12
FLOPS          16
TIMESTAMP_DATA  1494194770.12
