32 33554432 196038.961 198942.9 216175.079 9.93400191148 10.794472424 10.9543717078 0.620875119467 0.6746545265 0.684648231736
64 16777216 81227.064 84462.881 98894.835 21.7148210824 25.425176392 26.4380311469 1.35717631765 1.5890735245 1.65237694668
96 8388608 34247.875 41404.963 49207.926 32.7307583742 38.8990260902 47.0281071745 2.04567239839 2.43118913064 2.93925669841
128 8388608 34322.023 37302.971 59375.048 36.1681164115 57.5687027181 62.5686792413 2.26050727572 3.59804391988 3.91054245258
160 4194304 12948.036 25973.082 29531.956 45.4483028486 51.6757033301 103.658754115 2.84051892804 3.22973145813 6.47867213221
192 4194304 25527.0 26495.934 39270.878 41.0129036585 60.7871659101 63.094477847 2.56330647866 3.79919786938 3.94340486544
224 4194304 51920.891 52583.933 54555.178 34.4430769156 35.7342649132 36.1905998878 2.15269230723 2.23339155708 2.26191249299
256 4194304 35406.113 44192.076 50282.955 42.7079842066 48.5943146912 60.6529061239 2.66924901291 3.0371446682 3.79080663274
288 2097152 15313.148 21226.883 28646.946 42.1671319519 56.907062238 78.883816182 2.63544574699 3.55669138988 4.93023851138
320 2097152 16046.047 23221.97 31587.124 42.4912784083 57.7977355065 83.6453538993 2.65570490052 3.61235846916 5.22783461871
352 2097152 19382.954 25120.02 33735.037 43.7644401576 58.7736398299 76.169762772 2.73527750985 3.67335248937 4.76061017325
384 2097152 22397.995 22829.056 25271.893 63.7313847443 70.5510002691 71.9087907645 3.98321154652 4.40943751682 4.49429942278
416 2097152 23682.833 25828.123 27956.009 62.413431903 67.5554496933 73.6749046873 3.90083949393 4.22221560583 4.60468154296
448 2097152 26237.011 26710.033 33542.871 56.0193011505 70.349901552 71.6182263292 3.5012063219 4.396868847 4.47613914558
480 2097152 31105.995 37961.96 38372.04 52.4670025362 53.033771702 64.7227622842 3.27918765851 3.31461073137 4.04517264277
512 2097152 7511.139 7598.877 7626.057 281.598163769 282.605396561 285.906524696 17.5998852356 17.662837285 17.8691577935
544 1048576 3919.84 3935.099 11592.865 98.4097277075 289.916641996 291.045218172 6.15060798172 18.1197901247 18.1903261358
576 1048576 3957.987 4005.194 7596.97 159.005439274 301.598262656 305.19543192 9.93783995461 18.849891416 19.074714495
608 1048576 3871.918 4077.911 8078.098 157.842652565 312.676862246 329.311833567 9.86516578531 19.5423038904 20.5819895979
640 1048576 5572.081 5626.917 10208.845 131.472000995 238.528003879 240.875407231 8.2170000622 14.9080002424 15.0547129519
704 1048576 6546.021 6945.848 13283.968 111.141114462 212.557920646 225.540829765 6.94631965389 13.2848700403 14.0963018603
768 1048576 7846.117 8069.992 16550.064 97.3176137567 199.580462533 205.275136223 6.08235085979 12.4737789083 12.829696014
832 1048576 9747.982 9762.049 18948.078 92.0848259122 178.736089524 178.994017839 5.75530161951 11.1710055952 11.1871261149
896 1048576 11108.16 12048.006 21955.013 85.5862937544 155.963417681 169.159265981 5.34914335965 9.74771360506 10.5724541238
960 1048576 12522.936 12588.024 14602.9 137.867541379 159.935023956 160.766286756 8.61672133617 9.99593899726 10.0478929222
1056 524288 2964.02 2964.973 3004.074 368.59819565 373.45913639 373.579212016 23.0373872281 23.3411960244 23.348700751
1152 524288 3426.075 3467.083 3537.178 341.503750165 348.408028305 352.578257043 21.3439843853 21.7755017691 22.0361410652
1248 524288 4036.188 4220.009 4271.984 306.326720325 310.099539598 324.222471302 19.1454200203 19.3812212249 20.2639044564
1344 524288 5075.932 5217.791 5331.039 264.354874162 270.092486265 277.640863589 16.5221796352 16.8807803915 17.3525539743
1472 524288 6444.931 6484.985 6578.922 234.613493214 238.011941739 239.491139936 14.6633433259 14.8757463587 14.968196246
1600 524288 4522.8 4534.006 4571.915 366.962552891 370.030741027 370.947554612 22.9351595557 23.1269213142 23.1842221633
1760 524288 5372.047 5383.968 5392.075 342.260402535 342.775766869 343.536413587 21.3912751585 21.4234854293 21.4710258492
1920 524288 6311.893 6392.956 6411.076 314.029332986 314.919408174 318.963886112 19.6268333116 19.6824630109 19.935242882
2112 262144 2974.987 2993.107 3076.077 359.970266024 369.948770959 372.202048614 22.4981416265 23.121798185 23.2626280384
2304 262144 3503.084 3504.992 3512.144 343.937934208 344.639745825 344.82745832 21.496120888 21.5399841141 21.551716145
2528 262144 4094.124 4107.952 4173.994 317.537606427 322.642539153 323.73227191 19.8461004017 20.1651586971 20.2332669944
2752 262144 4011.154 4013.062 4017.115 359.17333111 359.536078934 359.70710075 22.4483331943 22.4710049334 22.4816937968
3008 262144 4618.883 4706.86 4754.066 331.728315089 335.055281865 341.437162188 20.733019693 20.9409551166 21.3398226368
3296 262144 4696.846 4780.054 4817.963 358.668849885 361.513331858 367.917800158 22.4168031178 22.5945832411 22.9948625099
3616 262144 4876.137 4971.981 4976.988 380.918219614 381.301820743 388.796583853 23.8073887259 23.8313637964 24.2997864908
3968 262144 5923.986 5950.928 5992.889 347.140550075 349.588296817 351.178207376 21.6962843797 21.8492685511 21.948637961
4352 131072 3189.087 3212.214 6111.145 186.683622791 355.160237767 357.735830976 11.6677264244 22.1975148605 22.358489436
4768 131072 3386.974 3421.068 6781.101 184.321482898 365.354500992 369.032237035 11.5200926811 22.834656312 23.0645148147
5216 131072 3556.967 3654.003 3658.056 373.789549422 374.204154731 384.412648192 23.3618468389 23.3877596707 24.025790512
5728 131072 3903.866 3936.768 3974.915 377.759230575 381.419690467 384.634316854 23.6099519109 23.8387306542 24.0396448034
6272 131072 4258.871 4360.914 4446.983 369.726434304 377.023524885 386.057048453 23.107902144 23.5639703053 24.1285655283
6880 131072 4788.876 5256.891 9598.97 187.890025701 343.083149337 376.612532878 11.7431266063 21.4426968335 23.5382833049
7552 131072 5297.184 5398.989 10661.125 185.694426057 366.681889517 373.729039429 11.6059016286 22.9176180948 23.3580649643
8288 65536 2856.016 2912.045 2912.998 372.923268742 373.045312143 380.363673033 23.3077042964 23.3153320089 23.7727295645
9088 65536 3235.102 3256.083 3298.044 361.178424545 365.832915193 368.205495839 22.5736515341 22.8645571996 23.0128434899
9984 65536 3444.91 3520.966 3561.974 367.386973628 371.665857608 379.871418412 22.9616858517 23.2291161005 23.7419636507
10976 65536 3828.049 3845.215 3878.117 370.965154481 374.139358137 375.81709952 23.1853221551 23.3837098836 23.48856872
12064 65536 4201.174 4211.903 4244.089 372.577626907 375.424744587 376.383508038 23.2861016817 23.4640465367 23.5239692524
13248 65536 4637.003 4661.083 4673.004 371.590064121 372.540428051 374.475033982 23.2243790076 23.2837767532 23.4046896239
14560 65536 4915.953 5053.043 5087.852 375.091162243 377.675060355 388.207194007 23.4431976402 23.6046912722 24.2629496254
16000 65536 5495.071 5501.986 7008.076 299.247896284 381.16272924 381.642384602 18.7029935178 23.8226705775 23.8526490377
17600 32768 3252.983 3357.887 6355.047 181.498830772 343.499825932 354.577198836 11.3436769232 21.4687391208 22.1610749272
19360 32768 3566.027 3592.014 7206.917 176.049892069 353.221607711 355.795668401 11.0031182543 22.0763504819 22.237229275
21280 32768 3807.068 3871.918 3879.07 359.520730484 360.184817964 366.320244346 22.4700456553 22.5115511227 22.8950152716
23392 32768 4159.927 4228.83 4307.985 355.855025493 362.51589967 368.520436056 22.2409390933 22.6572437294 23.0325272535
25728 32768 4443.169 4517.078 8913.04 189.173414234 373.274538983 379.483699135 11.8233383896 23.3296586864 23.7177311959
28288 32768 4932.88 5009.174 9780.884 189.541391964 370.097418856 375.821501435 11.8463369978 23.1310886785 23.4888438397
31104 32768 5470.991 5693.913 11070.013 184.139959366 358.001912569 372.589123981 11.5087474604 22.3751195355 23.2868202488
34208 16384 3217.22 3275.871 6291.866 178.155056703 342.177010023 348.415011718 11.134691044 21.3860631264 21.7759382324
37600 16384 3357.172 3473.043 9974.003 123.528817868 354.754260169 366.998414141 7.72055111674 22.1721412606 22.9374008838
41344 16384 3853.083 3911.972 11232.138 120.61463205 346.311321247 351.604206813 7.5384145031 21.6444575779 21.9752629258
45472 16384 4086.018 4091.024 4129.171 360.853666753 364.21846853 364.664692128 22.5533541721 22.7636542831 22.791543258
50016 16384 4578.114 4590.988 4655.838 352.014887116 356.987273328 357.99114832 22.0009304447 22.311704583 22.37444677
55008 16384 5047.798 5073.786 5162.954 349.122255205 355.257818126 357.08682162 21.8201409503 22.2036136329 22.3179263513
60480 16384 5336.046 5481.005 6164.789 321.472258012 361.577601188 371.400216565 20.0920161258 22.5986000743 23.2125135353
66528 8192 3121.853 3595.114 5955.935 183.009846817 303.187813238 349.149928584 11.438115426 18.9492383274 21.8218705365
73152 8192 3313.065 3323.078 3818.035 313.910786046 360.666336451 361.756370008 19.6194241279 22.5416460282 22.6097731255
80448 8192 3637.075 3855.944 7137.06 184.67828938 341.825511989 362.395615158 11.5423930862 21.3640944993 22.6497259474
88480 8192 4019.022 4024.029 4067.898 356.364962937 360.249968377 360.698776966 22.2728101835 22.5156230236 22.5436735604
97312 8192 4289.865 4354.954 4364.967 365.26274036 366.102559981 371.657338401 22.8289212725 22.8814099988 23.2285836501
107040 8192 4782.915 4804.134 4827.976 363.246080759 365.04880172 366.668310016 22.7028800475 22.8155501075 22.916769376
117728 8192 5326.986 5397.081 10535.955 183.073632338 357.388661019 362.091349968 11.4421020211 22.3367913137 22.630709373
129472 8192 5737.066 5867.004 11559.963 183.501387331 361.559195801 369.748099115 11.4688367082 22.5974497375 23.1092561947
142400 4096 3845.93 3911.972 7726.908 150.971229371 298.197635361 303.318261123 9.43570183571 18.6373522101 18.9573913202
156640 4096 5535.126 5538.94 5555.153 230.991816067 231.667950908 231.827582606 14.4369885042 14.4792469317 14.4892239129
172288 4096 5964.041 6037.951 6088.018 231.829685129 233.752028793 236.648825184 14.4893553206 14.6095017995 14.790551574
189504 4096 6546.974 6700.993 13166.904 117.902945749 231.669659706 237.119739287 7.36893410934 14.4793537316 14.8199837054
208448 4096 7413.149 14466.047 21708.965 78.6590247854 118.042338449 230.348265764 4.91618904909 7.37764615309 14.3967666102
229280 4096 8021.116 8026.123 11768.103 159.606162523 234.018561639 234.164642426 9.97538515766 14.6261601025 14.6352901516
252192 4096 8842.945 8846.045 10998.964 187.831950718 233.545823473 233.627695751 11.7394969199 14.596613967 14.6017309844
277408 2048 4889.011 4920.959 4923.105 230.802139707 230.902791102 232.411661172 14.4251337317 14.4314244439 14.5257288233
305120 2048 5334.139 5383.968 5417.109 230.708209859 232.128333601 234.296766545 14.4192631162 14.50802085 14.643547909
335616 2048 5852.938 5867.958 5959.988 230.651997286 234.269423196 234.870613015 14.4157498304 14.6418389498 14.6794133135
369152 2048 6474.018 6949.902 7014.036 215.574398535 217.563728525 233.556130366 13.4733999084 13.5977330328 14.5972581479
406048 2048 7048.13 7117.987 7324.934 227.056326787 233.65771924 235.973599806 14.1910204242 14.6036074525 14.7483499879
446624 2048 7847.071 15409.946 15533.924 117.766245284 118.713712819 233.127991833 7.36039033022 7.41960705119 14.5704994896
491264 2048 8593.082 16989.946 17060.041 117.949150533 118.435770426 234.167129326 7.37182190828 7.4022356516 14.6354455829
540384 1024 4751.921 9551.048 14157.057 78.1734813952 115.87277459 232.896639485 4.8858425872 7.24204841186 14.5560399678
594400 1024 5672.932 10260.82 10390.043 117.163249469 118.638783255 214.585896676 7.3227030918 7.41492395345 13.4116185422
653824 1024 5658.15 11305.094 11363.983 117.831182254 118.444972859 236.655364739 7.36444889085 7.4028108037 14.7909602962
719200 1024 6893.158 12458.086 12826.92 114.830497111 118.230167941 213.678781191 7.17690606942 7.3893854963 13.3549238245
791104 1024 7194.996 14028.072 14106.989 114.849525437 115.49562848 225.181639017 7.17809533983 7.21847677999 14.0738524386
870208 1024 7965.088 15577.078 15987.158 111.476097503 114.41080182 223.749691654 6.96725609392 7.15067511378 13.9843557284
957216 1024 10857.105 17012.835 18429.995 106.368903952 115.229376409 180.561795064 6.64805649703 7.20183602557 11.2851121915
1052928 512 5200.863 5484.104 9978.056 108.056947365 196.604271546 207.311415817 6.75355921033 12.2877669716 12.9569634886
1158208 512 6156.921 11457.92 12048.96 98.4321461769 103.509624085 192.629561432 6.15200913606 6.46935150533 12.0393475895
1274016 512 7183.79 13622.046 13880.968 93.9842512424 95.7706635259 181.602243941 5.87401570265 5.98566647037 11.3501402463
1401408 512 9641.886 15595.913 15807.867 90.780229363 92.0139649407 148.834138051 5.67376433519 5.75087280879 9.30213362821
1541536 512 10976.076 11510.849 18156.052 86.9425172389 137.134355945 143.81577387 5.43390732743 8.57089724659 8.9884858669
1695680 512 10273.933 13053.179 20035.028 86.6670273683 133.023252037 169.007946616 5.41668921052 8.31395325231 10.5629966635
1865248 512 10953.903 14757.872 22185.087 86.094499066 129.423398712 174.368346333 5.38090619162 8.08896241951 10.8980216458
2051744 512 12187.004 22000.074 24497.032 85.7649145415 95.4990358669 172.395599115 5.36030715884 5.96868974168 10.7747249447
2256896 256 6844.997 7035.017 14344.931 80.5532457423 164.254152051 168.8139165 5.0345778589 10.2658845032 10.5508697812
2482560 256 7312.059 7411.957 7560.015 168.130714026 171.489219379 173.832120337 10.5081696266 10.7180762112 10.8645075211
2730816 256 8316.994 8620.024 16325.951 85.6414301378 162.201148396 168.110953549 5.35258938361 10.1375717747 10.5069345968
3003872 256 12190.819 18015.862 18211.126 84.4529033515 85.3682418304 126.159076269 5.27830645947 5.3355151144 7.8849422668
3304256 256 10079.145 10287.046 23053.885 73.3836866107 164.457228246 167.849462628 4.58648041317 10.2785767654 10.4905914143
3634656 256 12506.008 15555.143 22114.992 84.148521148 119.635278956 148.803988611 5.25928257175 7.47720493473 9.30024928818
3998112 256 23519.039 24956.942 26734.114 76.5700836018 82.0226029295 87.0372868551 4.78563022511 5.12641268309 5.43983042845
4397920 128 14012.814 14476.061 14724.97 76.4597496633 77.7744387786 80.3455694195 4.77873435396 4.86090242366 5.02159808872
4837696 128 8661.985 15096.188 16732.216 74.0159089507 82.0372782851 142.975331405 4.62599430942 5.12732989282 8.93595821281
5321440 128 10597.944 19110.203 21159.172 64.3828898409 71.2859324414 128.542728665 4.02393061505 4.45537077759 8.03392054157
5853568 128 13377.19 13754.129 18155.098 82.539538371 108.950076592 112.020043671 5.15872114819 6.80937978697 7.00125272946
6438912 128 18020.153 21637.917 34256.935 48.1175993124 76.17930469 91.4732228966 3.00734995702 4.76120654313 5.71707643104
7082784 128 29565.096 30265.093 41690.111 43.492153427 59.9103628725 61.3288285619 2.71825958919 3.74439767953 3.83305178512
7791040 128 37399.054 52551.031 53502.083 37.2790390236 37.9537033251 53.3303927955 2.32993993897 2.37210645782 3.33314954972
8570144 64 26136.16 31780.005 34187.078 32.0875165757 34.5178810387 41.9716757167 2.00546978598 2.15736756492 2.62322973229
9427136 64 33614.874 41045.904 42891.026 28.1334703441 29.3981442826 35.8970082113 1.75834189651 1.83738401766 2.24356301321
10369824 64 35873.175 49757.957 50776.958 26.1405472931 26.6758836582 37.0008361958 1.63378420582 1.66724272864 2.31255226224
11406784 64 57439.089 57479.858 57874.203 25.2283103061 25.4013910751 25.4194204229 1.57676939413 1.58758694219 1.58871377643
12547456 64 64049.006 66068.172 67486.048 23.798613426 24.3093507718 25.0757110579 1.48741333912 1.51933442324 1.56723194112
13802176 64 72259.903 72746.038 72906.017 24.2322732841 24.2855635382 24.4489468523 1.51451708026 1.51784772114 1.52805917827
15182368 64 67610.025 81151.009 83642.006 23.2340566294 23.9472451168 28.7434164386 1.45212853934 1.4967028198 1.79646352741
16700576 64 76876.163 90346.813 91367.006 23.3965609861 23.6607541209 27.8067172525 1.46228506163 1.47879713256 1.73791982828
18370624 32 37785.053 49824.953 50515.89 23.2742595647 23.5970104377 31.1160060037 1.45464122279 1.47481315236 1.94475037523
20207680 32 51360.13 55305.004 56411.028 22.9262179019 23.3847107217 25.1808459208 1.43288861887 1.4615444201 1.57380287005
22228448 32 61197.042 61214.924 61703.92 23.0555963381 23.2397686551 23.2465594007 1.44097477113 1.45248554094 1.45290996254
24451264 32 68398.952 68608.046 68753.004 22.7609094142 22.8089996325 22.8787262121 1.42255683839 1.42556247703 1.42992038825
26896384 32 71680.069 75104.952 75181.007 22.8963224182 22.9195083701 24.0146054547 1.43102015114 1.43246927313 1.50091284092
29586016 32 63392.162 83432.913 87563.992 21.6242428052 22.6949408323 29.8697025667 1.35151517532 1.41843380202 1.86685641042
32544608 32 73344.946 79881.191 92993.975 22.3977404128 26.074409832 28.3980700183 1.3998587758 1.6296506145 1.77487937615
35799040 16 40924.072 50880.909 51006.079 22.4594656649 22.5147172587 27.9925536247 1.40371660405 1.40716982867 1.74953460154
39378944 16 43156.862 56166.887 56632.996 22.250742447 22.4353934374 29.1987449875 1.39067140294 1.40221208984 1.82492156172
43316832 16 54689.884 61845.064 62540.054 22.1640138654 22.4130841549 25.3454299519 1.38525086659 1.40081775968 1.58408937199
47648512 16 68085.909 68495.989 69262.981 22.0139584232 22.2604623462 22.3945366434 1.37587240145 1.39127889664 1.39965854021
52413344 16 75273.037 76587.915 76761.007 21.8499870383 21.899368954 22.2819096299 1.3656241899 1.36871055962 1.39261935187
57654656 16 69344.997 78247.07 83662.033 22.0524044879 23.5785057766 26.6053655176 1.3782752805 1.47365661104 1.66283534485
63420096 16 87844.849 91645.956 95975.876 21.1453456492 22.1443821482 23.1025847856 1.32158410307 1.38402388426 1.4439115491
69762080 8 38357.019 39818.048 50179.958 22.2438065811 28.0323455334 29.1001049899 1.39023791132 1.75202159584 1.81875656187
76738272 8 38902.998 45232.058 55684.09 22.0496079221 27.1447377433 31.5608671599 1.37810049513 1.69654610896 1.97255419749
84412096 8 49088.955 60461.044 62088.013 21.7528870831 22.3382437128 27.5131857258 1.35955544269 1.39614023205 1.71957410786
92853280 8 54475.069 67162.991 67237.854 22.0954773482 22.1201059971 27.2721541665 1.38096733426 1.38250662482 1.70450963541
102138592 8 60171.843 60274.124 73457.956 22.246977196 27.1130854096 27.1591726383 1.39043607475 1.6945678381 1.69744828989
112352448 8 65748.93 73848.009 88748.932 20.2553329656 24.3424188728 27.3409646058 1.26595831035 1.52140117955 1.70881028786
123587680 8 69994.926 82227.945 88916.063 22.2389837481 24.0478207257 28.2506603407 1.38993648425 1.50298879535 1.7656662713
135946432 4 27964.115 38252.115 49057.961 22.1691124912 28.4316685757 38.8916815712 1.3855695307 1.77697928598 2.4307300982
149541056 4 36735.058 55335.999 56468.01 21.1859502044 21.6193521328 32.5663960569 1.32412188777 1.3512095083 2.03539975355
164495136 4 48770.905 59252.024 80959.082 16.2546443894 22.2095550356 26.9825029492 1.01591527434 1.38809718973 1.68640643433
180944640 4 42701.006 48624.992 91228.008 15.8674638604 29.7698171344 33.8998364582 0.991716491278 1.8606135709 2.11873977864
199039104 4 64656.019 78809.977 87378.979 18.2230652066 20.2044575143 24.6274493331 1.13894157541 1.26277859464 1.53921558332
218943008 4 58654.07 79885.96 94793.797 18.4774122298 21.9255556796 29.8622766331 1.15483826436 1.37034722998 1.86639228957
240837280 4 87246.895 87588.072 94949.007 20.2919261704 21.9972673905 22.0832872047 1.26824538565 1.3748292119 1.38020545029
264920992 4 80193.996 95235.109 105221.987 20.141873352 22.2540611152 26.4280125909 1.2588670845 1.3908788197 1.65175078693
291413088 2 37706.137 52332.878 55909.157 20.8490418126 22.273805618 30.9141281696 1.30306511329 1.39211285112 1.9321330106
320554368 2 47816.038 51208.973 57496.071 22.3009581298 25.0389218311 26.8156360425 1.39380988311 1.56493261445 1.67597725265
352609792 2 55843.115 63840.866 63954.115 22.0539236295 22.0930456676 25.257172133 1.37837022684 1.38081535423 1.57857325831
387870752 2 69453.001 71073.055 85122.824 18.2264043308 21.8294121169 22.3386028776 1.13915027067 1.3643382573 1.39616267985
426657824 2 59422.016 73008.06 76831.818 22.2125590729 23.3759299453 28.7205216329 1.38828494205 1.46099562158 1.79503260206
469323584 2 71041.107 84091.902 93753.099 20.0238110102 22.3243176971 26.4254656955 1.25148818814 1.39526985607 1.65159160597
516255936 2 92422.962 92835.903 93029.022 22.1976292947 22.2438052226 22.3431893905 1.38735183092 1.39023782642 1.39644933691
567881504 1 43367.147 50875.902 53776.979 21.1198737661 22.3241842081 26.1894795154 1.31999211038 1.395261513 1.63684246972
624669632 1 56126.833 56184.053 58079.004 21.5110311465 22.236545733 22.2592153739 1.34443944665 1.38978410831 1.39120096087
687136576 1 61714.888 62088.966 63520.908 21.634973354 22.1339352309 22.2680976428 1.35218583462 1.38337095193 1.39175610268
755850208 1 53234.1 67675.114 67754.984 22.3112799495 22.3376116662 28.3972193763 1.39445499685 1.39610072914 1.77482621102
831435200 1 51764.011 74127.913 76739.073 21.6691489093 22.4324459263 32.1240639563 1.35432180683 1.40202787039 2.00775399727
914578720 1 74455.976 81726.074 88633.06 20.6374172346 22.3815650315 24.5669661224 1.28983857716 1.39884781447 1.53543538265
1006036576 1 73940.039 92526.913 101056.099 19.9104573787 21.7458152095 27.2122273563 1.24440358617 1.35911345059 1.70076420977

META_DATA
ERT_VERSION  1.1.0
HOSTNAME  ('c4ba798bf1f2', [], ['172.17.0.9'])
UNAME  ('Linux', 'c4ba798bf1f2', '4.9.12-moby', '#1 SMP Tue Feb 28 12:11:36 UTC 2017', 'x86_64', 'x86_64')
TIMESTAMP_DATA  1494194459.5
FLOPS          1
OPENMP_THREADS 4
CONFIG  {'ERT_WORKING_SET_MIN': ['1'], 'ERT_CFLAGS': ['-Ofast', '-march=native'], 'ERT_CC': ['cc'], 'ERT_MPI_CFLAGS': [], 'ERT_MPI_LDFLAGS': [], 'ERT_MEMORY_MAX': ['1073741824', '#', '1GB'], 'ERT_LDFLAGS': [], 'ERT_LDLIBS': [], 'ERT_RUN': ['export', 'OMP_NUM_THREADS=ERT_OPENMP_THREADS', ';', './ERT_CODE'], 'ERT_FLOPS': ['1,4,16,32,64'], 'ERT_OPENMP_CFLAGS': ['-fopenmp'], 'ERT_MPI': ['False'], 'ERT_TRIALS_MIN': ['1'], 'ERT_DRIVER': ['driver1'], 'ERT_RESULTS': ['Results'], 'ERT_OPENMP': ['True'], 'ERT_OPENMP_THREADS': ['1,2,4,8', '#', ',16'], 'ERT_KERNEL': ['kernel1'], 'ERT_GPU': [False], 'ERT_LD': ['cc'], 'ERT_NUM_EXPERIMENTS': ['3'], 'ERT_OPENMP_LDFLAGS': ['-fopenmp'], 'ERT_ALIGN': ['64'], 'ERT_GNUPLOT': ['gnuplot']}
TIMESTAMP_DATA  1494194482.88
TIMESTAMP_DATA  1494194471.45
