32 33554432 348359.823 350489.855 354755.878 6.05341244832 6.12709217504 6.16455603148 1.51335311208 1.53177304376 1.54113900787
64 16777216 162951.946 174283.981 178484.201 12.0317856481 12.3217500293 13.1786314967 3.00794641202 3.08043750733 3.29465787417
96 8388608 73309.183 74799.061 87423.086 18.4231970031 21.5325261369 21.9701362106 4.60579925078 5.38313153423 5.49253405266
128 8388608 73433.161 92566.013 95980.883 22.3740768044 23.1994830327 29.2440583894 5.59351920111 5.79987075818 7.31101459734
160 4194304 37137.032 43900.967 46019.077 29.1656714453 30.5728409126 36.1412102076 7.29141786134 7.64321022815 9.03530255191
192 4194304 29812.098 43709.993 43892.86 36.6941852502 36.8477006162 54.0254743561 9.17354631254 9.21192515405 13.506368589
224 4194304 38663.864 39449.93 46456.814 40.4472031164 47.6312173938 48.5995965639 10.1118007791 11.9078043484 12.149899141
256 4194304 36773.92 37253.141 63150.167 34.0059852573 57.6457069217 58.396919556 8.50149631433 14.4114267304 14.599229889
288 2097152 18934.011 29120.922 32448.053 37.2274894891 41.4808141033 63.798397075 9.30687237228 10.3702035258 15.9495992687
320 2097152 21292.925 31856.06 32104.969 41.8059048741 42.1325575103 63.0339551753 10.4514762185 10.5331393776 15.7584887938
352 2097152 18296.003 34090.042 34332.991 43.0022251193 43.3086884434 80.6949478528 10.7505562798 10.8271721108 20.1737369632
384 2097152 27848.005 35096.169 37780.046 42.6313069074 45.8914115669 57.8358390843 10.6578267268 11.4728528917 14.4589597711
416 2097152 32101.154 39649.01 39807.796 43.8313757436 44.0069112444 54.3541351816 10.9578439359 11.0017278111 13.5885337954
448 2097152 29870.987 42273.045 42441.13 44.2742262518 44.4502682974 62.9054604724 11.0685565629 11.1125670744 15.7263651181
480 2097152 32757.044 35256.863 45460.939 44.2856211131 57.1028091751 61.4605493707 11.0714052783 14.2757022938 15.3651373427
512 2097152 20154.953 24845.123 25184.155 85.2712210515 86.4348165231 106.548680515 21.3178052629 21.6087041308 26.6371701289
544 1048576 6252.05 6275.892 13006.21 87.7158440468 181.78303387 182.476257867 21.9289610117 45.4457584675 45.6190644669
576 1048576 6226.063 6257.057 6273.985 192.534657319 193.055545443 194.016596363 48.1336643298 48.2638863606 48.5041490907
608 1048576 6237.984 6276.846 6284.952 202.876396828 203.138394028 204.403925371 50.7190992071 50.784598507 51.1009813427
640 1048576 6139.994 6250.858 6256.104 214.53883759 214.718888191 218.59586182 53.6347093974 53.6797220478 54.648965455
704 1048576 7556.915 7690.907 7786.989 189.597674788 191.966306185 195.3700694 47.399418697 47.9915765462 48.84251735
768 1048576 9047.985 9083.986 13355.97 120.591221454 177.302423848 178.007891923 30.1478053634 44.325605962 44.5019729807
832 1048576 10380.03 11939.049 13663.054 127.704279292 146.14484487 168.0949346 31.926069823 36.5362112175 42.0237336501
896 1048576 13638.02 14416.933 15158.892 123.956829562 130.336195084 137.78013172 30.9892073906 32.584048771 34.44503293
960 1048576 12943.029 13355.017 16380.072 122.909467065 150.749783396 155.548281627 30.7273667662 37.687445849 38.8870704068
1056 524288 3095.865 3180.981 3232.002 342.603827597 348.098984559 357.669425508 85.6509568992 87.0247461396 89.417356377
1152 524288 4080.772 4188.061 4264.832 283.237312044 288.429311798 296.012507437 70.809328011 72.1073279496 74.0031268593
1248 524288 5240.917 5366.087 5872.011 222.857696963 243.869107601 249.693488372 55.7144242407 60.9672769003 62.4233720931
1344 524288 6208.897 6228.924 6332.874 222.535004486 226.248729957 226.978502623 55.6337511215 56.5621824893 56.7446256557
1472 524288 7509.947 7595.062 7603.168 203.007992458 203.224657284 205.527931422 50.7519981145 50.806164321 51.3819828555
1600 524288 4419.088 4547.119 4583.12 366.065387771 368.963644893 379.65335834 91.5163469427 92.2409112231 94.913339585
1760 524288 6232.023 6271.839 6340.027 291.086104207 294.25081862 296.130768452 72.7715260519 73.5627046549 74.032692113
1920 524288 7877.111 7915.974 8265.018 243.588812511 254.3295266 255.584302417 60.8972031277 63.5823816501 63.8960756044
2112 262144 2923.965 2994.061 3004.074 368.59819565 369.830893893 378.696822978 92.1495489126 92.4577234732 94.6742057446
2304 262144 3782.034 3853.083 3878.117 311.480946036 313.504679759 319.394154574 77.8702365091 78.3761699398 79.8485386435
2528 262144 5012.035 5065.918 5084.991 260.649441464 261.630777285 264.443497302 65.162360366 65.4076943211 66.1108743255
2752 262144 3974.915 3998.995 4045.963 356.612400064 360.8007952 362.986523234 89.153100016 90.2001987999 90.7466308085
3008 262144 5274.057 5321.026 10939.837 144.157385892 296.38237137 299.021854333 36.0393464729 74.0955928424 74.7554635833
3296 262144 4809.856 4848.003 9419.203 183.460665196 356.446406489 359.273385315 45.8651662991 89.1116016224 89.8183463289
3616 262144 4890.919 4956.007 5001.068 379.084109234 382.530817249 387.621509986 94.7710273086 95.6327043122 96.9053774965
3968 262144 5949.974 6189.108 11921.167 174.511000811 336.134833 349.644348698 43.6277502026 84.03370825 87.4110871745
4352 131072 3120.899 3184.795 6342.173 179.883249479 358.217934906 365.551941284 44.9708123698 89.5544837266 91.3879853209
4768 131072 3328.085 3371.954 3401.995 367.402830398 370.676050741 375.562100127 91.8507075995 92.6690126852 93.8905250317
5216 131072 3686.19 3736.973 3747.94 364.825238398 365.895901308 370.936686389 91.2063095994 91.4739753271 92.7341715972
5728 131072 3886.938 3907.919 4541.874 330.60380627 384.235403037 386.309437403 82.6509515676 96.0588507592 96.5773593507
6272 131072 4345.894 4357.815 4436.016 370.640495436 377.291639962 378.326569401 92.6601238589 94.3229099904 94.5816423502
6880 131072 4863.977 4970.074 5290.985 340.872393326 362.88206574 370.797542834 85.2180983314 90.720516435 92.6993857084
7552 131072 5302.191 5325.079 5375.862 368.259357848 371.771289778 373.376117156 92.064839462 92.9428224445 93.344029289
8288 65536 2850.056 2990.007 3026.009 358.995870799 363.318459121 381.159084593 89.7489676997 90.8296147802 95.2897711484
9088 65536 3230.095 3264.904 3303.051 360.63092456 364.844521003 368.776254568 90.1577311401 91.2111302507 92.1940636421
9984 65536 3435.85 3553.867 3679.991 355.604904469 368.225048377 380.873102144 88.9012261171 92.0562620942 95.2182755359
10976 65536 3799.915 3836.87 3957.987 363.479281766 374.953092495 378.599592886 90.8698204416 93.7382731237 94.6498982214
12064 65536 4180.908 4258.871 4260.063 371.180568926 371.284457313 378.207941433 92.7951422315 92.8211143282 94.5519853582
13248 65536 4637.003 4647.017 4681.826 370.889874164 373.668066202 374.475033982 92.7224685411 93.4170165506 93.6187584955
14560 65536 4989.147 5009.174 5049.944 377.906828274 380.982637058 382.511944427 94.4767070684 95.2456592644 95.6279861066
16000 65536 5409.956 5445.004 10786.057 194.431755738 385.151599521 387.646775685 48.6079389345 96.2878998803 96.9116939214
17600 32768 3484.964 3508.091 7004.976 164.659179418 328.792383094 330.974322834 41.1647948544 82.1980957735 82.7435807084
19360 32768 3931.999 3957.987 3983.021 318.546389788 320.561174152 322.679878606 79.636597447 80.1402935381 80.6699696516
21280 32768 4283.905 4323.959 4333.973 321.78467194 322.529903729 325.5455198 80.4461679849 80.6324759324 81.3863799501
23392 32768 4446.983 4598.856 4645.824 329.977655632 333.347709082 344.732172801 82.4944139081 83.3369272706 86.1830432003
25728 32768 4745.007 9273.052 9284.973 181.595596239 181.829047006 355.344092854 45.3988990598 45.4572617516 88.8360232135
28288 32768 5047.083 10181.904 10216.951 181.451625637 182.076197929 367.317590775 45.3629064092 45.5190494823 91.8293976937
31104 32768 5599.022 5670.071 5691.051 358.181949872 359.507269662 364.069250666 89.545487468 89.8768174155 91.0173126664
34208 16384 3464.222 3504.992 3529.072 317.626771004 319.808930805 323.572722533 79.406692751 79.9522327012 80.8931806333
37600 16384 3697.157 3700.018 7162.094 172.027454541 332.992109768 333.249791664 43.0068636351 83.248027442 83.3124479161
41344 16384 3905.058 4009.008 7833.004 172.955381103 337.92903182 346.924473849 43.2388452757 84.4822579551 86.7311184623
45472 16384 4256.964 4310.846 8388.042 177.636985604 345.645958125 350.02092947 44.409246401 86.4114895313 87.5052323675
50016 16384 4899.979 4909.992 4968.166 329.885170504 333.793677872 334.475777957 82.4712926259 83.4484194679 83.6189444894
55008 16384 5271.912 5321.026 5324.125 338.553686099 338.750861958 341.90672075 84.6384215247 84.6877154895 85.4766801874
60480 16384 5548.954 5610.943 5614.996 352.949252324 353.204201148 357.149949342 88.2373130809 88.3010502869 89.2874873355
66528 8192 3235.102 3283.024 3835.201 284.20798597 332.009376721 336.927476166 71.0519964925 83.0023441802 84.2318690415
73152 8192 3561.974 3566.98 3592.014 333.663055879 336.004790607 336.477011904 83.4157639697 84.0011976518 84.119252976
80448 8192 3677.845 3731.966 3779.888 348.703462113 353.181146881 358.378352541 87.1758655283 88.2952867202 89.5945881352
88480 8192 4149.914 4259.825 4266.977 339.738489333 340.308890623 349.322014866 84.9346223333 85.0772226559 87.3305037165
97312 8192 4460.096 4575.968 4595.995 346.901989232 348.420226715 357.472083112 86.725497308 87.1050566787 89.368020778
107040 8192 5039.215 5203.962 5206.823 336.816396486 337.001569189 348.019157746 84.2040991215 84.2503922973 87.0047894364
117728 8192 5551.1 5636.93 5670.071 340.1819046 342.181923849 347.472672443 85.0454761501 85.5454809622 86.8681681108
129472 8192 6094.933 6095.171 12203.932 173.818507674 348.024566989 348.038156941 43.4546269186 87.0061417473 87.0095392353
142400 4096 4144.907 4168.034 8083.82 144.305637681 279.877947253 281.43955944 36.0764094203 69.9694868132 70.35988986
156640 4096 5430.937 5675.077 6036.997 212.555162774 226.11056731 236.275044251 53.1387906935 56.5276418276 59.0687610628
172288 4096 6120.92 6235.123 6782.055 208.105551488 226.360136921 230.583522738 52.0263878721 56.5900342303 57.6458806846
189504 4096 6534.815 6624.937 6638.05 233.866386665 234.32928766 237.560936002 58.4665966662 58.5823219149 59.3902340005
208448 4096 7214.069 7297.993 14406.919 118.52680063 233.982961617 236.704974128 29.6317001574 58.4957404042 59.1762435319
229280 4096 7943.153 8651.972 15923.977 117.951800609 217.090596225 236.462996495 29.4879501522 54.2726490562 59.1157491238
252192 4096 8698.94 8783.102 17431.021 118.521850441 235.219500354 237.495242409 29.6304626103 58.8048750886 59.3738106022
277408 2048 4878.044 4878.998 9640.932 117.858228644 232.888631641 232.934177715 29.4645571611 58.2221579103 58.2335444289
305120 2048 5375.862 5406.857 10622.978 117.647943919 231.145658189 232.478348589 29.4119859798 57.7864145473 58.1195871471
335616 2048 5875.111 5975.008 11875.868 115.754329368 230.072183334 233.984198086 28.9385823419 57.5180458336 58.4960495214
369152 2048 6482.84 6829.023 12780.905 118.305127219 221.414775144 233.238301732 29.5762818048 55.3536937861 58.309575433
406048 2048 7036.209 7638.931 14087.915 118.056689581 217.723213889 236.373394821 29.5141723953 54.4308034724 59.0933487052
446624 2048 7683.992 7825.136 7825.851 233.76012449 233.78148367 238.075716893 58.4400311225 58.4453709175 59.5189292232
491264 2048 8569.956 8708.954 8803.129 228.579786119 231.051552689 234.799028606 57.1449465298 57.7628881723 58.6997571516
540384 1024 4631.042 4688.978 4747.152 233.130607994 236.02295255 238.975684522 58.2826519985 59.0057381374 59.7439211305
594400 1024 5133.152 5192.041 5260.944 231.390259999 234.461014464 237.150818834 57.8475649997 58.6152536161 59.2877047085
653824 1024 5733.013 5846.977 5852.938 228.779384302 229.012625157 233.565064653 57.1948460756 57.2531562891 58.3912661632
719200 1024 6237.984 6558.895 6810.188 216.282076207 224.568559186 236.121413585 54.0705190518 56.1421397964 59.0303533962
791104 1024 6918.907 7023.811 7649.899 211.791161164 230.669787669 234.16718739 52.9477902911 57.6674469174 58.5417968474
870208 1024 7843.971 8201.838 15446.186 115.380326509 217.291049153 227.204560547 28.8450816273 54.3227622882 56.8011401368
957216 1024 9713.888 17333.031 18079.996 108.428031068 113.100724738 201.811917947 27.107007767 28.2751811844 50.4529794867
1052928 512 5033.016 5187.988 10789.871 99.9268918044 207.825899366 214.22508333 24.9817229511 51.9564748415 53.5562708324
1158208 512 5941.153 6219.864 6415.844 184.85564674 190.680212944 199.625391233 46.2139116849 47.6700532359 49.9063478082
1274016 512 7108.927 7401.943 14275.074 91.3895356339 176.249990577 183.51466881 22.8473839085 44.0624976442 45.8786672025
1401408 512 8022.07 8682.013 16666.889 86.1013589279 165.289062801 178.88672026 21.525339732 41.3222657004 44.7216800651
1541536 512 9535.074 9829.998 19112.11 82.5933329182 160.583233486 165.550142977 20.6483332296 40.1458083715 41.3875357443
1695680 512 10490.894 10970.116 21298.17 81.5270194575 158.282402848 165.512712263 20.3817548644 39.570600712 41.3781780657
1865248 512 12030.84 15943.05 23518.085 81.214688696 119.802293288 158.759816605 20.303672174 29.9505733219 39.6899541512
2051744 512 13165.951 20143.032 25789.976 81.4652117551 104.303356913 159.577219754 20.3663029388 26.0758392282 39.8943049385
2256896 256 7134.199 7220.984 14339.924 80.5813721188 160.024001161 161.970636367 20.1453430297 40.0060002903 40.4926590918
2482560 256 7859.945 8018.017 8242.846 154.202895456 158.52681779 161.714963654 38.5507238641 39.6317044476 40.4287409136
2730816 256 8806.944 8931.16 9202.003 151.942766374 156.550525576 158.75856506 37.9856915934 39.1376313939 39.6896412649
3003872 256 9567.022 9757.042 11320.114 135.862807035 157.627943387 160.758746452 33.9657017588 39.4069858467 40.189686613
3304256 256 10380.983 10587.931 11559.01 146.360204896 159.783726585 162.969062949 36.5900512241 39.9459316461 40.7422657373
3634656 256 11572.123 14869.928 16929.15 109.925416929 125.148142748 160.812659181 27.4813542322 31.2870356871 40.2031647953
3998112 256 13230.085 13762.951 19682.884 104.000681201 148.73506009 154.725638119 26.0001703002 37.1837650225 38.6814095299
4397920 128 8070.946 8180.857 14668.941 76.7517927845 137.622197772 139.496351481 19.1879481961 34.405549443 34.8740878702
4837696 128 9599.924 9987.831 18789.053 65.9133898872 123.995908221 129.006247966 16.4783474718 30.9989770552 32.2515619915
5321440 128 14200.926 14269.114 22071.123 61.7226699339 95.471144179 95.9295640298 15.4306674835 23.8677860447 23.9823910075
5853568 128 13674.021 14127.016 25735.855 58.2266805591 106.074305289 109.58835064 14.5566701398 26.5185763221 27.3970876599
6438912 128 19202.948 22706.985 33720.97 48.8823860049 72.5927053724 85.8389801399 12.2205965012 18.1481763431 21.459745035
7082784 128 20426.035 33609.867 34932.852 51.9050864785 53.9482260968 88.7687064083 12.9762716196 13.4870565242 22.1921766021
7791040 128 41585.922 43422.937 44337.034 44.9851074837 45.9320897617 47.9610922177 11.2462768709 11.4830224404 11.9902730544
8570144 64 11338.949 23108.006 33732.891 32.5195498957 47.4717910321 96.7442777986 8.12988747392 11.867947758 24.1860694496
9427136 64 31255.96 41038.99 42291.88 28.5320351803 29.4030971035 38.6061860842 7.13300879507 7.35077427588 9.65154652105
10369824 64 26221.037 45126.2 46912.909 28.2936509437 29.4138986221 50.6210899287 7.07341273593 7.35347465552 12.6552724822
11406784 64 42170.048 54138.184 59340.0 24.6051289518 26.9692894021 34.623350488 6.15128223795 6.74232235052 8.655837622
12547456 64 57531.118 60381.174 66946.03 23.9905841765 26.5989258175 27.9166201498 5.99764604413 6.64973145438 6.97915503745
13802176 64 58702.946 65801.144 75258.017 23.4749545421 26.8487509579 30.095227725 5.86873863551 6.71218773947 7.52380693126
15182368 64 64670.086 80718.994 83113.194 23.3818845176 24.0754128328 30.0501085463 5.84547112941 6.01885320821 7.51252713658
16700576 64 79041.004 83801.031 92628.956 23.0778130329 25.5089191922 27.0451236677 5.76945325822 6.37722979804 6.76128091693
18370624 32 44080.973 53830.147 57212.114 20.5501921499 21.8412915722 26.6718236006 5.13754803747 5.46032289304 6.66795590016
20207680 32 56311.846 56727.171 61114.073 21.1619264846 22.7984490889 22.9665978274 5.29048162115 5.69961227222 5.74164945685
22228448 32 62290.907 62702.894 66420.078 21.4185335946 22.6882777053 22.8383361315 5.35463339865 5.67206942633 5.70958403287
24451264 32 67447.186 67690.134 74343.92 21.0492115024 23.1183010511 23.2015742807 5.26230287561 5.77957526277 5.80039357016
26896384 32 55222.988 63863.039 75250.864 22.8750672683 26.9540661227 31.1712320963 5.71876681708 6.73851653066 7.79280802408
29586016 32 66694.021 66951.036 77260.971 24.5079112972 28.2819376238 28.3909261371 6.12697782429 7.07048440595 7.09773153429
32544608 32 82444.906 86875.916 91667.891 22.7217501055 23.9750555493 25.2635973895 5.68043752637 5.99376388734 6.31589934738
35799040 16 35359.859 39515.972 55310.965 20.711431811 28.9900316763 32.3974504536 5.17785795276 7.24750791908 8.09936261341
39378944 16 41690.111 50224.781 50441.98 24.9816959604 25.0897302668 30.2260218976 6.2454239901 6.2724325667 7.5565054744
43316832 16 51895.857 63789.845 67134.142 20.6472978235 21.7297694327 26.7100054634 5.16182445588 5.43244235818 6.67750136586
47648512 16 58041.096 69361.925 74422.836 20.4876952553 21.982555761 26.2702203969 5.12192381381 5.49563894024 6.56755509924
52413344 16 69215.059 76620.102 82195.044 20.4054517934 21.8901693449 24.2321112231 5.10136294835 5.47254233621 6.05802780577
57654656 16 72306.871 82028.866 82723.856 22.3025023398 22.4914604086 25.5155418356 5.57562558496 5.62286510215 6.37888545889
63420096 16 75855.017 81853.867 101944.923 19.9072500354 24.7934904774 26.7542365985 4.97681250885 6.19837261934 6.68855914962
69762080 8 34605.98 37916.183 49558.878 22.5225696191 29.4384400455 32.2543467921 5.63064240478 7.35961001138 8.06358669802
76738272 8 49370.05 55289.03 57299.137 21.4281124688 22.2071602992 24.8695788641 5.35702811719 5.55179007481 6.21739471603
84412096 8 47821.999 61140.06 68622.828 19.6814030456 22.0901571899 28.2420970315 4.92035076141 5.52253929748 7.06052425788
92853280 8 57059.05 66755.056 69027.901 21.5224924774 22.2552802592 26.0371050692 5.38062311934 5.56382006481 6.50927626731
102138592 8 73574.066 73814.154 74198.961 22.0248026384 22.1396220568 22.2118684048 5.5062006596 5.53490551419 5.55296710121
112352448 8 74601.889 80832.005 81331.968 22.10249195 22.2392005246 24.0964296226 5.52562298751 5.55980013115 6.02410740564
123587680 8 89140.892 89475.87 89808.941 22.0178843886 22.0998452432 22.1828931216 5.50447109715 5.5249613108 5.5457232804
135946432 4 48916.101 49151.897 54733.992 19.87012853 22.1267442842 22.2334044163 4.9675321325 5.53168607104 5.55835110407
149541056 4 53719.044 55303.812 59858.084 19.9860798752 21.6319346666 22.2700993711 4.9965199688 5.40798366666 5.56752484277
164495136 4 59254.885 61304.808 64702.988 20.3384902101 21.4658708009 22.208482693 5.08462255252 5.36646770022 5.55212067326
180944640 4 60842.037 65675.02 68842.888 21.0269667943 22.0412132345 23.792055483 5.25674169858 5.51030330862 5.94801387074
199039104 4 56721.926 68201.065 72088.957 22.0881657644 23.3473308958 28.0722631315 5.5220414411 5.83683272395 7.01806578289
218943008 4 69126.129 77548.027 78716.04 22.2514250463 22.5865715965 25.3383791243 5.56285626157 5.64664289912 6.33459478108
240837280 4 72436.81 84298.849 86628.199 22.2410053798 22.8555699497 26.5983308762 5.56025134495 5.71389248743 6.64958271906
264920992 4 95653.057 95936.06 95987.082 22.0797204357 22.0914631683 22.156823864 5.51993010893 5.52286579207 5.53920596599
291413088 2 42003.87 52082.062 53035.021 21.9789175157 22.3810714714 27.7510703657 5.49472937891 5.59526786785 6.93776759141
320554368 2 46234.846 57662.964 57760.0 22.1990559557 22.2364128212 27.7327077503 5.54976398892 5.55910320531 6.93317693759
352609792 2 61195.135 63391.209 63449.144 22.2294435997 22.2497597104 23.0482238171 5.55736089994 5.56243992759 5.76205595428
387870752 2 64216.137 69862.843 77559.948 20.0036623026 22.2075561397 24.1603291708 5.00091557565 5.55188903492 6.04008229271
426657824 2 60942.888 77201.843 83330.154 20.4803569186 22.1060952651 28.0037811139 5.12008922964 5.52652381628 7.00094527847
469323584 2 61815.023 83572.149 84203.005 22.2948615195 22.4631573851 30.369548451 5.57371537987 5.61578934628 7.59238711276
516255936 2 92648.029 92926.979 101872.921 20.2705853894 22.2220044838 22.2889117695 5.06764634735 5.55550112094 5.57222794238
567881504 1 34576.893 51002.026 57652.95 19.6999981441 22.2689782559 32.8474570575 4.92499953602 5.56724456397 8.21186426438
624669632 1 51558.971 56262.97 56477.785 22.1208969863 22.2053557429 24.2312683859 5.53022424658 5.55133893572 6.05781709647
687136576 1 61889.887 62002.897 62102.079 22.1292615985 22.1646603384 22.2051326738 5.53231539962 5.54116508459 5.55128316844
755850208 1 58429.956 68194.866 70469.141 21.4519489602 22.1673639772 25.8720101723 5.36298724005 5.54184099431 6.46800254308
831435200 1 51403.999 74488.163 80928.087 20.5475065783 22.3239550155 32.3490473961 5.13687664457 5.58098875388 8.08726184902
914578720 1 64244.986 81804.991 89777.946 20.3742402394 22.3599736109 28.4715983906 5.09356005984 5.58999340273 7.11789959764
1006036576 1 77054.977 81665.039 89678.049 22.4366294142 24.6381214855 26.112176401 5.60915735355 6.15953037137 6.52804410025

META_DATA
ERT_VERSION  1.1.0
HOSTNAME  ('c4ba798bf1f2', [], ['172.17.0.9'])
UNAME  ('Linux', 'c4ba798bf1f2', '4.9.12-moby', '#1 SMP Tue Feb 28 12:11:36 UTC 2017', 'x86_64', 'x86_64')
OPENMP_THREADS 4
FLOPS          4
TIMESTAMP_DATA  1494194624.12
CONFIG  {'ERT_WORKING_SET_MIN': ['1'], 'ERT_CFLAGS': ['-Ofast', '-march=native'], 'ERT_CC': ['cc'], 'ERT_MPI_CFLAGS': [], 'ERT_MPI_LDFLAGS': [], 'ERT_MEMORY_MAX': ['1073741824', '#', '1GB'], 'ERT_LDFLAGS': [], 'ERT_LDLIBS': [], 'ERT_RUN': ['export', 'OMP_NUM_THREADS=ERT_OPENMP_THREADS', ';', './ERT_CODE'], 'ERT_FLOPS': ['1,4,16,32,64'], 'ERT_OPENMP_CFLAGS': ['-fopenmp'], 'ERT_MPI': ['False'], 'ERT_TRIALS_MIN': ['1'], 'ERT_DRIVER': ['driver1'], 'ERT_RESULTS': ['Results'], 'ERT_OPENMP': ['True'], 'ERT_OPENMP_THREADS': ['1,2,4,8', '#', ',16'], 'ERT_KERNEL': ['kernel1'], 'ERT_GPU': [False], 'ERT_LD': ['cc'], 'ERT_NUM_EXPERIMENTS': ['3'], 'ERT_OPENMP_LDFLAGS': ['-fopenmp'], 'ERT_ALIGN': ['64'], 'ERT_GNUPLOT': ['gnuplot']}
TIMESTAMP_DATA  1494194636.98
TIMESTAMP_DATA  1494194649.2
