8 134217728 7241765.976 7262520.075 7265531.063 0.295571463308 0.295694005087 0.296541431347 1.18228585323 1.18277602035 1.18616572539
16 67108864 3622785.091 3628468.037 3630589.962 0.591497158995 0.591843066027 0.592771471136 2.36598863598 2.36737226411 2.37108588454
24 33554432 1813757.181 1818916.082 1837886.095 0.876339801679 0.88547940828 0.887997992715 3.50535920671 3.54191763312 3.55199197086
32 33554432 1815821.886 1817661.047 1834623.098 1.170531239 1.18145440347 1.18265104334 4.682124956 4.72581761389 4.73060417337
40 16777216 908113.956 909981.966 912794.113 1.47040527638 1.47494931784 1.47798332041 5.8816211055 5.89979727137 5.91193328164
48 16777216 911767.006 912499.905 920320.988 1.75005542305 1.76505523691 1.76647402834 7.00022169222 7.06022094764 7.06589611338
56 16777216 1048046.112 1062127.113 1068711.042 1.75823783806 1.76913682835 1.79290602817 7.03295135225 7.07654731341 7.17162411266
64 16777216 912923.098 916263.103 918816.09 2.33722904004 2.34374126926 2.35231604141 9.34891616014 9.37496507703 9.40926416564
72 8388608 457278.967 457448.959 460525.99 2.62299973993 2.64064335099 2.64162500175 10.4919989597 10.562573404 10.566500007
80 8388608 528414.965 528693.914 532269.955 2.52161007284 2.53866603049 2.54000618624 10.0864402914 10.154664122 10.1600247449
88 8388608 654444.933 654980.898 655913.115 2.25090027053 2.25410391739 2.25594994102 9.00360108213 9.01641566958 9.02379976407
96 8388608 457234.144 460172.176 463511.944 3.47480309159 3.50002199177 3.52251194959 13.8992123664 14.0000879671 14.0900477984
104 8388608 528751.135 531355.858 531840.086 3.28074267046 3.28373243229 3.29990868767 13.1229706818 13.1349297291 13.1996347507
112 8388608 657756.805 665381.908 668117.046 2.81245360113 2.82401455376 2.85675218822 11.2498144045 11.296058215 11.4270087529
120 8388608 782107.115 784909.01 789913.893 2.54871567375 2.56496726926 2.57415625224 10.194862695 10.2598690771 10.296625009
128 8388608 534118.891 535854.816 20622737.885 0.104131840301 4.00758486045 4.0206098009 0.416527361202 16.0303394418 16.0824392036
136 4194304 330867.052 331781.864 509090.185 2.24095989594 3.43855650892 3.44806374979 8.96383958375 13.7542260357 13.7922549991
144 4194304 394376.04 397581.1 467955.112 2.58135774356 3.03827207078 3.06296384537 10.3254309742 12.1530882831 12.2518553815
152 4194304 457010.984 457108.021 470462.084 2.71024692396 2.7894247255 2.79001700318 10.8409876958 11.157698902 11.1600680127
160 4194304 328916.073 333546.162 399103.165 3.36298330283 4.02396259622 4.08060715233 13.4519332113 16.0958503849 16.3224286093
176 4194304 457333.088 472261.906 473338.842 3.11910808283 3.12622083052 3.22827069971 12.4764323313 12.5048833221 12.9130827989
192 4194304 398461.819 399663.925 404075.146 3.98592378656 4.0299177265 4.04207544914 15.9436951462 16.119670906 16.1683017966
208 4194304 526993.99 530107.975 531282.902 3.28418335586 3.29146239311 3.31091150394 13.1367334234 13.1658495724 13.2436460158
224 4194304 458315.134 459132.91 461670.876 4.07010337815 4.09260183941 4.09990430733 16.2804135126 16.3704073576 16.3996172293
240 4194304 590533.018 591413.975 592756.987 3.39644401357 3.40415682602 3.40923514627 13.5857760543 13.6166273041 13.6369405851
264 2097152 295243.025 295675.993 297500.849 3.72199360009 3.74496503678 3.75045695322 14.8879744004 14.9798601471 15.0018278129
288 2097152 294391.87 297440.052 297481.06 4.06062675721 4.06118659501 4.10323679115 16.2425070289 16.24474638 16.4129471646
312 2097152 390105.963 393345.118 394251.108 3.31926232152 3.32690756314 3.35453177372 13.2770492861 13.3076302526 13.4181270949
336 2097152 395380.974 397237.062 398552.895 3.53600779641 3.54772069077 3.56437521447 14.1440311856 14.1908827631 14.2575008579
368 2097152 424382.925 426766.872 439894.915 3.50880135089 3.61673778653 3.63705460581 14.0352054035 14.4669511461 14.5482184233
400 2097152 456958.055 457776.07 473307.133 3.54467846146 3.6649394976 3.67150022117 14.1787138458 14.6597579904 14.6860008847
440 2097152 520519.018 520653.009 520667.076 3.54447946695 3.54457523168 3.54548766939 14.1779178678 14.1783009267 14.1819506775
480 2097152 489027.023 489052.057 489109.039 4.11619037775 4.11666997651 4.11688071479 16.464761511 16.466679906 16.4675228592
528 1048576 293403.864 293477.058 297944.069 3.71645678236 3.77302492926 3.77396616699 14.8658271295 15.092099717 15.095864668
576 1048576 293509.96 294524.908 294861.078 4.09670737214 4.10138334378 4.11556579545 16.3868294886 16.4055333751 16.4622631818
632 1048576 360701.084 361016.989 361413.002 3.66727277842 3.6712955467 3.67451089778 14.6690911137 14.6851821868 14.6980435911
688 1048576 374068.975 374410.152 375298.977 3.84450974936 3.85363636187 3.85715114706 15.3780389974 15.4145454475 15.4286045882
752 1048576 406655.073 409570.932 425751.209 3.704178099 3.85051325859 3.87812278442 14.816712396 15.4020530344 15.5124911377
824 1048576 454829.931 458318.949 463685.989 3.72677477645 3.77041632638 3.79933933592 14.9070991058 15.0816653055 15.1973573437
904 1048576 472284.794 473689.079 475939.989 3.9833286797 4.0022569488 4.01415720363 15.9333147188 16.0090277952 16.0566288145
992 1048576 506239.891 507905.96 525080.919 3.96200796624 4.09598419361 4.10946434879 15.848031865 16.3839367744 16.4378573952
1088 524288 278259.039 278778.791 278913.021 4.09034574259 4.0923152149 4.09995913197 16.3613829704 16.3692608596 16.3998365279
1192 524288 310223.103 313632.011 315988.064 3.95553735853 3.98525197736 4.02904419404 15.8221494341 15.9410079094 16.1161767762
1304 524288 352718.115 356023.073 357993.841 3.8194598549 3.84060249938 3.87658882788 15.2778394196 15.3624099975 15.5063553115
1432 524288 382528.067 385025.978 385791.063 3.89216074712 3.89989485852 3.92536119971 15.5686429885 15.5995794341 15.7014447988
1568 524288 400861.979 401410.103 401680.946 4.09321672928 4.09597854093 4.10157923209 16.3728669171 16.3839141637 16.4063169284
1720 524288 454103.947 454405.069 454580.784 3.96750321061 3.96903741406 3.97166933235 15.8700128424 15.8761496562 15.8866773294
1888 524288 478179.932 478623.867 481579.065 4.11087530975 4.13625735049 4.14009738911 16.443501239 16.545029402 16.5603895565
2072 262144 271505.117 271571.875 271620.989 3.99941381555 4.00013711287 4.00112067133 15.9976552622 16.0005484515 16.0044826853
2272 262144 287331.104 288417.101 289997.816 4.1075562307 4.13006833461 4.14567834605 16.4302249228 16.5202733384 16.5827133842
2496 262144 315601.826 315690.041 315844.059 4.14325617567 4.14527757624 4.14643623767 16.5730247027 16.581110305 16.5857449507
2744 262144 355889.082 358873.844 361115.932 3.98389033691 4.00877995444 4.04240069382 15.9355613477 16.0351198178 16.1696027753
3016 262144 384599.924 385494.947 387634.993 4.07923081392 4.10187635482 4.1114220501 16.3169232557 16.4075054193 16.4456882004
3312 262144 423861.027 426621.914 426921.129 4.06735984248 4.07021252078 4.09672450494 16.2694393699 16.2808500831 16.3868980198
3640 262144 469909.191 474766.016 479022.98 3.98395985094 4.01968181311 4.06122790648 15.9358394038 16.0787272525 16.2449116259
4000 262144 504572.153 508066.893 508599.043 4.1233895912 4.12770843543 4.15629754344 16.4935583648 16.5108337417 16.6251901737
4400 131072 283730.03 286640.882 292047.024 3.94947904006 4.02396752324 4.06525033674 15.7979161602 16.0958700929 16.2610013469
4840 131072 310101.986 314596.891 317100.048 4.00118816759 4.03302447131 4.09148285816 16.0047526704 16.1320978852 16.3659314326
5320 131072 340279.102 352905.035 358787.06 3.8870021678 3.95178855978 4.09841824491 15.5480086712 15.8071542391 16.3936729797
5848 131072 375992.06 379821.777 382206.202 4.01097131333 4.03615117624 4.07726192941 16.0438852533 16.144604705 16.3090477177
6432 131072 408346.891 411395.073 418723.106 4.02679045851 4.09851823383 4.12911239234 16.1071618341 16.3940729353 16.5164495693
7072 131072 448802.948 452105.999 458010.197 4.04768797757 4.10054803984 4.13072680619 16.1907519103 16.4021921594 16.5229072248
7776 131072 496198.893 496587.038 497237.921 4.09950982801 4.10488310812 4.10809409847 16.398039312 16.4195324325 16.4323763939
8552 65536 273401.022 273956.06 275807.858 4.06416173973 4.09163332251 4.09993984587 16.2566469589 16.36653329 16.3997593835
9400 65536 301165.819 304455.996 307994.127 4.00032562959 4.04681404271 4.09102468564 16.0013025183 16.1872561708 16.3640987426
10336 65536 328569.889 328649.044 334495.068 4.050164925 4.12220944114 4.12320251294 16.2006597 16.4888377646 16.4928100517
11368 65536 361963.034 361995.935 367362.022 4.05601669952 4.11614151413 4.11651565502 16.2240667981 16.4645660565 16.4660626201
12504 65536 400490.999 402125.835 411022.186 3.98743509189 4.07565031976 4.09228744739 15.9497403675 16.302601279 16.3691497896
13752 65536 439783.096 443347.931 446388.006 4.03797171916 4.0656604395 4.09861625059 16.1518868766 16.262641758 16.3944650024
15120 65536 482847.929 485030.174 136316462.994 0.0145382927085 4.08594917643 4.10441574039 0.0581531708342 16.3437967057 16.4176629615
16632 32768 265968.8 266013.145 270660.162 4.02717098795 4.09752214313 4.09820532333 16.1086839518 16.3900885725 16.3928212933
18288 32768 292881.012 292886.019 294499.159 4.06969708189 4.0921119147 4.09218187214 16.2787883275 16.3684476588 16.3687274886
20112 32768 320712.805 320795.059 323678.017 4.07213330153 4.1087292183 4.10978299417 16.2885332061 16.4349168732 16.4391319767
22120 32768 352247.0 355899.096 357558.966 4.0543139953 4.07322282156 4.11545398541 16.2172559812 16.2928912862 16.4618159417
24328 32768 387088.06 387289.047 389921.904 4.08892086247 4.11671804393 4.11885555964 16.3556834499 16.4668721757 16.4754222385
26760 32768 425753.117 432178.974 39848572.016 0.0440101933714 4.05790995283 4.11915565612 0.176040773486 16.2316398113 16.4766226245
29432 32768 469868.898 469881.058 472818.136 4.07948723862 4.10498682413 4.10509305938 16.3179489545 16.4199472965 16.4203722375
32368 32768 515223.98 515348.911 524541.855 4.0440419154 4.11618071315 4.11717880057 16.1761676616 16.4647228526 16.4687152023
35600 16384 283758.163 285575.867 286287.069 4.07472403163 4.08487177945 4.11103873688 16.2988961265 16.3394871178 16.4441549475
39160 16384 312196.016 312990.904 327068.09 3.92332642417 4.09978329594 4.11022182935 15.6933056967 16.3991331838 16.4408873174
43072 16384 344454.05 347027.063 347331.047 4.06351032593 4.06706982389 4.09745014175 16.2540413037 16.2682792956 16.389800567
47376 16384 377774.0 378067.97 388721.943 3.99364326083 4.10618431389 4.10937959733 15.9745730433 16.4247372556 16.4375183893
52112 16384 415442.944 416482.925 418361.902 4.08164798907 4.10006248395 4.1103261968 16.3265919563 16.4002499358 16.4413047872
57320 16384 456742.048 459873.915 464274.168 4.0455874771 4.08429723612 4.11230314403 16.1823499084 16.3371889445 16.4492125761
63048 16384 505163.908 505711.794 520299.196 3.97070931472 4.08524556578 4.08967630364 15.8828372589 16.3409822631 16.3587052145
69352 8192 276440.859 280025.959 4954297.066 0.229349018208 4.05770654998 4.1103300435 0.917396072834 16.2308261999 16.441320174
76280 8192 303911.924 304131.985 308117.867 4.05614751319 4.10930642497 4.11228195179 16.2245900527 16.4372256999 16.4491278072
83904 8192 334331.036 334763.05 338304.043 4.0634546481 4.1064362868 4.11174251857 16.2538185924 16.4257451472 16.4469700743
92288 8192 369946.957 371235.847 371911.049 4.06561352793 4.07300804655 4.08719834936 16.2624541117 16.2920321862 16.3487933974
101512 8192 404608.011 404844.046 408379.078 4.07261952827 4.10818097594 4.11057755354 16.2904781131 16.4327239038 16.4423102142
111656 8192 444904.089 446240.902 453853.13 4.03075749197 4.0995164177 4.11183432391 16.1230299679 16.3980656708 16.4473372957
122816 8192 491547.108 495349.169 500380.993 4.02137046001 4.06222008621 4.09364089677 16.08548184 16.2488803448 16.3745635871
135096 4096 271800.995 277814.15 286861.897 3.85797641156 3.9836215398 4.07175268803 15.4319056462 15.9344861592 16.2870107521
148600 4096 296355.963 296698.093 303925.037 4.00536662598 4.10292896625 4.10766561832 16.0214665039 16.411715865 16.4306624733
163456 4096 325293.064 328286.886 332982.063 4.0213323803 4.07884569596 4.11638519289 16.0853295212 16.3153827838 16.4655407716
179800 4096 359279.871 362658.024 364061.117 4.04580860526 4.06146149409 4.09964965724 16.183234421 16.2458459764 16.398598629
197776 4096 394092.083 395040.989 3656291.008 0.443121455173 4.1012984402 4.11117366192 1.77248582069 16.4051937608 16.4446946477
217552 4096 433288.097 437104.94 441639.9 4.0353826364 4.07724969661 4.11316626591 16.1415305456 16.3089987864 16.4526650636
239304 4096 476590.872 478590.012 486683.846 4.02803253922 4.09615394982 4.1133359516 16.1121301569 16.3846157993 16.4533438064
263232 2048 262276.888 262930.87 265211.105 4.06543410767 4.10069107519 4.11091606364 16.2617364307 16.4027643007 16.4436642545
289552 2048 288280.01 288712.025 289466.858 4.09720477223 4.10791684898 4.11407295289 16.3888190889 16.4316673959 16.4562918116
318504 2048 317398.787 320445.061 323840.857 4.02849843002 4.07118892683 4.11026266461 16.1139937201 16.2847557073 16.4410506585
350352 2048 -9757378.101 352690.935 352862.12 4.06686269413 4.06883662037 -0.14707247963 16.2674507765 16.2753464815 -0.588289918519
385384 2048 383831.978 387356.043 390792.847 4.03930848816 4.07514712246 4.11256214822 16.1572339526 16.3005884899 16.4502485929
423920 2048 422029.972 423175.097 427777.052 4.05906841398 4.10321007146 4.11434361349 16.2362736559 16.4128402858 16.457374454
466312 2048 464450.836 467056.99 473989.01 4.02965872985 4.08946658094 4.11241363768 16.1186349194 16.3578663238 16.4496545507
512936 2048 510917.902 511249.065 511312.962 4.10900175067 4.10951530249 4.11217897783 16.4360070027 16.43806121 16.4487159113
564224 1024 281119.823 282511.95 286653.996 4.0310994025 4.09020132423 4.11045631599 16.12439761 16.3608052969 16.441825264
620640 1024 310185.909 310260.057 312662.125 4.06531721743 4.09679135719 4.09777066952 16.2612688697 16.3871654288 16.3910826781
682704 1024 340393.066 343641.996 355882.883 3.92875819206 4.06870466437 4.10753899435 15.7150327682 16.2748186575 16.4301559774
750968 1024 374000.072 375698.09 376995.087 4.07958224665 4.09366591137 4.11225178588 16.3183289866 16.3746636455 16.4490071435
826064 1024 411298.99 411978.96 414339.066 4.08307883766 4.10646959252 4.11325851299 16.3323153506 16.4258783701 16.4530340519
908664 1024 452744.961 453334.093 461289.167 4.03422409441 4.10501636814 4.1103579991 16.1368963776 16.4200654726 16.4414319964
999528 1024 498410.94 498716.831 499661.922 4.09683678878 4.10460048019 4.10711960697 16.3873471551 16.4184019207 16.4284784279
1099480 512 273839.951 277677.059 281782.15 3.9955246278 4.05459321722 4.11140710436 15.9820985112 16.2183728689 16.4456284175
1209424 512 301138.878 301433.086 301630.02 4.10585848186 4.10854094497 4.11255492557 16.4234339274 16.4341637799 16.4502197023
1330360 512 331243.992 331956.863 333534.002 4.08440708243 4.10381224744 4.11264407175 16.3376283297 16.4152489897 16.450576287
1463392 512 368009.09 371705.055 372880.936 4.01874502911 4.03145824315 4.07194672284 16.0749801164 16.1258329726 16.2877868914
1609728 512 402726.889 404748.201 407140.017 4.04863536664 4.07256034228 4.09300078297 16.1945414666 16.2902413691 16.3720031319
1770696 512 442070.961 443680.048 451853.991 4.012784528 4.08671228777 4.10158744627 16.051138112 16.3468491511 16.4063497851
1947760 512 487315.178 487405.062 505452.156 3.94598423674 4.09209176412 4.09284653966 15.7839369469 16.3683670565 16.3713861586
2142536 256 268379.927 270232.916 278963.089 3.93234257597 4.05938124873 4.08740863843 15.7293703039 16.2375249949 16.3496345537
2356784 256 294747.114 297083.855 299204.111 4.03294394575 4.06172663944 4.09392781366 16.131775783 16.2469065577 16.3757112546
2592456 256 326514.959 327094.078 328278.065 4.04333281299 4.05796852122 4.06516588418 16.173331252 16.2318740849 16.2606635367
2851696 256 359472.99 364556.074 371426.821 3.93097178085 4.00505836038 4.06169139996 15.7238871234 16.0202334415 16.2467655998
3136864 256 393625.021 396176.1 408118.01 3.93531853201 4.05394057844 4.0802141183 15.741274128 16.2157623138 16.3208564732
3450544 256 434715.033 436621.904 447952.986 3.94389273699 4.04624347019 4.06399225674 15.775570948 16.1849738807 16.255969027
3795592 256 480307.102 481317.043 483163.118 4.02212634119 4.03755306874 4.04604282533 16.0885053648 16.1502122749 16.1841713013
4175144 256 528167.963 533386.946 534440.994 3.99983113571 4.00773536741 4.04733697943 15.9993245428 16.0309414696 16.1893479177
4592656 128 289566.04 290325.88 293376.923 4.00754062036 4.04965597969 4.06028253866 16.0301624815 16.1986239187 16.2411301546
5051920 128 320500.135 328426.123 329575.062 3.92411826354 3.93784607688 4.03522925193 15.6964730541 15.7513843075 16.1409170077
5557112 128 351477.861 363043.07 368343.83 3.86220850231 3.91860026966 4.04753991603 15.4488340092 15.6744010786 16.1901596641
6112816 128 389477.015 389525.175 397774.935 3.93408623397 4.01740631013 4.01790307446 15.7363449359 16.0696252405 16.0716122978
6724096 128 426479.101 426601.887 438782.93 3.92305274045 4.035070234 4.03623195595 15.6922109618 16.140280936 16.1449278238
7396504 128 470921.993 472258.091 479099.035 3.95222049237 4.00947079592 4.02084645047 15.8088819695 16.0378831837 16.0833858019
8136152 128 514497.995 517605.066 532000.065 3.91514033368 4.02402342793 4.04832464313 15.6605613347 16.0960937117 16.1932985725
8949760 64 284628.868 286403.179 302168.131 3.79116512456 3.99984833967 4.02478247568 15.1646604982 15.9993933587 16.0991299027
9844736 64 313081.026 316321.85 323271.99 3.89803709254 3.98368373225 4.02492039872 15.5921483702 15.934734929 16.0996815949
10829208 64 347182.035 348224.878 350193.024 3.95821312534 3.9805847071 3.99254133066 15.8328525014 15.9223388284 15.9701653226
11912128 64 374397.039 380445.004 382392.883 3.98739739097 4.00781287169 4.07255460159 15.9495895639 16.0312514867 16.2902184063
13103336 64 416087.866 426337.004 428714.991 3.91221917407 3.93404042404 4.03094429098 15.6488766963 15.7361616962 16.1237771639
14413664 64 458024.025 460735.083 473247.051 3.89849020316 4.00435968537 4.02806161096 15.5939608127 16.0174387415 16.1122464438
15855024 64 502835.989 512829.065 547935.963 3.70379608027 3.9573479947 4.0359940744 14.8151843211 15.8293919788 16.1439762976
17440520 32 277320.862 283732.176 287217.855 3.88622524878 3.93396792615 4.02491638007 15.5449009951 15.7358717046 16.0996655203
19184568 32 305700.064 306696.892 308412.075 3.9810774335 4.00334135763 4.01639546925 15.924309734 16.0133654305 16.065581877
21103024 32 337121.964 338340.044 338915.11 3.98504963677 3.9918229011 4.00624604809 15.9401985471 15.9672916044 16.0249841924
23213320 32 368566.99 369967.222 384377.003 3.86509200188 4.01563271462 4.03088860454 15.4603680075 16.0625308585 16.1235544182
25534648 32 411030.054 411840.916 413468.122 3.95246304381 3.96807944163 3.9759074941 15.8098521753 15.8723177665 15.9036299764
28088112 32 447247.982 452060.938 453393.936 3.9648504871 3.97654169359 4.01933432983 15.8594019484 15.9061667744 16.0773373193
30896920 32 491863.012 496162.891 496263.027 3.98458634316 3.98539051563 4.0202309012 15.9383453726 15.9415620625 16.0809236048
33986608 16 266884.089 269160.986 273365.021 3.97845873631 4.04059842462 4.07507041755 15.9138349453 16.1623936985 16.3002816702
37385264 16 296118.021 303624.153 305143.118 3.92054867841 3.94016232299 4.04003931932 15.6821947136 15.760649292 16.1601572773
41123784 16 327142.0 328310.966 333311.081 3.94814683044 4.00827637296 4.02259901816 15.7925873218 16.0331054918 16.0903960727
45236160 16 355921.984 364845.991 366223.097 3.95266473321 3.96758400999 4.06706296625 15.8106589329 15.87033604 16.268251865
49759776 16 395097.971 396707.058 402406.931 3.95697168546 4.0138253149 4.03017213166 15.8278867418 16.0553012596 16.1206885266
54735752 16 437101.841 439027.071 441761.971 3.96490458433 3.98960378459 4.00717613084 15.8596183373 15.9584151384 16.0287045233
60209320 16 486197.948 487339.973 491869.926 3.91708892566 3.95349929565 3.96278562657 15.6683557026 15.8139971826 15.8511425063
66230248 16 529525.042 534830.809 538431.883 3.93618580718 3.96268857429 4.00239416061 15.7447432287 15.8507542971 16.0095766425
72853272 8 289908.171 292651.176 296105.146 3.93661632615 3.98307762823 4.02076405083 15.7464653046 15.9323105129 16.0830562033
80138592 8 318928.003 319209.814 323767.9 3.96029832482 4.0168485296 4.02039789526 15.8411932993 16.0673941184 16.081591581
88152448 8 353172.064 355798.006 356661.081 3.95456427162 3.96415703353 3.99363174999 15.8182570865 15.8566281341 15.974527
96967688 8 386913.061 389878.988 390257.12 3.97554055644 3.97939631463 4.0099008392 15.9021622258 15.9175852585 16.0396033568
106664456 8 426733.017 427075.863 452771.902 3.76929594893 3.99608463942 3.99929517523 15.0771837957 15.9843385577 15.9971807009
117330896 8 466970.921 472661.972 480491.877 3.90702616602 3.97174819894 4.02015254393 15.6281046641 15.8869927958 16.0806101757
129063984 8 510963.917 512423.992 515944.004 4.00241833996 4.02991229185 4.04142773158 16.0096733598 16.1196491674 16.1657109263
141970376 4 285523.176 288573.027 290771.961 3.90602657868 3.93579060319 3.97783123567 15.6241063147 15.7431624128 15.9113249427
156167408 4 309520.96 313755.989 314563.036 3.97166583807 3.98188180561 4.03636401231 15.8866633523 15.9275272224 16.1454560492
171784144 4 341431.856 342948.914 348738.194 3.94070157971 4.00722409636 4.02502908809 15.7628063188 16.0288963854 16.1001163524
188962552 4 375410.08 377436.161 377791.166 4.0014181168 4.00518172926 4.02679761822 16.0056724672 16.020726917 16.1071904729
207858800 4 413782.12 414462.805 418035.984 3.97781641688 4.01211008549 4.01871013663 15.9112656675 16.048440342 16.0748405465
228644680 4 455169.916 459531.069 465054.035 3.9332148575 3.9804869864 4.01862551918 15.73285943 15.9219479456 16.0745020767
251509144 4 497046.947 504208.088 526564.121 3.82113606255 3.99056103995 4.04805454323 15.2845442502 15.9622441598 16.1922181729
276660056 2 272707.939 273196.936 276687.86 3.99959804525 4.05070510747 4.05796849207 15.998392181 16.2028204299 16.2318739683
304326056 2 300311.804 304088.116 307452.917 3.9593191565 4.00312988226 4.05346778843 15.837276626 16.012519529 16.2138711537
334758656 2 331097.126 333374.023 334888.935 3.99844391395 4.016613568 4.04423511668 15.9937756558 16.066454272 16.1769404667
368234520 2 364727.02 367523.909 368144.989 4.00097277978 4.00773403833 4.03846712536 16.0038911191 16.0309361533 16.1538685014
405057968 2 398541.927 399495.125 405988.932 3.99082769084 4.05569873224 4.06539880056 15.9633107634 16.222794929 16.2615952023
445563760 2 445420.98 445567.846 446258.068 3.99377662344 3.99996331872 4.00128220274 15.9751064938 15.9998532749 16.005128811
490120136 2 485166.073 490625.143 491689.92 3.98722947991 3.99588274668 4.04084426571 15.9489179197 15.9835309867 16.1633770628
539132144 1 264553.07 271841.049 333628.893 3.23192718204 3.96652489374 4.07579578646 12.9277087282 15.866099575 16.3031831458
593045352 1 295853.853 310327.053 367085.934 3.23109820928 3.82206672778 4.00904261335 12.9243928371 15.2882669111 16.0361704534
652349880 1 319649.935 323646.069 406079.054 3.21292060536 4.03125477171 4.08165188584 12.8516824214 16.1250190868 16.3266075433
717584864 1 356763.124 356841.087 447538.137 3.2068098992 4.02187354619 4.0227524412 12.8272395968 16.0874941848 16.0910097648
789343344 1 389739.99 392318.964 496213.198 3.181468559 4.02398770608 4.05061509854 12.725874236 16.0959508243 16.2024603942
868277672 1 429319.143 434527.159 584381.819 2.97161083309 3.99642532816 4.04490545627 11.8864433324 15.9857013126 16.1796218251
955105432 1 474674.94 477627.993 673862.934 2.83471722159 3.99936957631 4.02425049867 11.3388688864 15.9974783053 16.0970019947
1050615968 1 523641.825 525083.065 718076.944 2.92619329106 4.00171339748 4.01272747073 11.7047731643 16.0068535899 16.0509098829

META_DATA
ERT_VERSION  1.1.0
HOSTNAME  ('c4ba798bf1f2', [], ['172.17.0.9'])
UNAME  ('Linux', 'c4ba798bf1f2', '4.9.12-moby', '#1 SMP Tue Feb 28 12:11:36 UTC 2017', 'x86_64', 'x86_64')
OPENMP_THREADS 1
CONFIG  {'ERT_WORKING_SET_MIN': ['1'], 'ERT_CFLAGS': ['-Ofast', '-march=native'], 'ERT_CC': ['cc'], 'ERT_MPI_CFLAGS': [], 'ERT_MPI_LDFLAGS': [], 'ERT_MEMORY_MAX': ['1073741824', '#', '1GB'], 'ERT_LDFLAGS': [], 'ERT_LDLIBS': [], 'ERT_RUN': ['export', 'OMP_NUM_THREADS=ERT_OPENMP_THREADS', ';', './ERT_CODE'], 'ERT_FLOPS': ['1,4,16,32,64'], 'ERT_OPENMP_CFLAGS': ['-fopenmp'], 'ERT_MPI': ['False'], 'ERT_TRIALS_MIN': ['1'], 'ERT_DRIVER': ['driver1'], 'ERT_RESULTS': ['Results'], 'ERT_OPENMP': ['True'], 'ERT_OPENMP_THREADS': ['1,2,4,8', '#', ',16'], 'ERT_KERNEL': ['kernel1'], 'ERT_GPU': [False], 'ERT_LD': ['cc'], 'ERT_NUM_EXPERIMENTS': ['3'], 'ERT_OPENMP_LDFLAGS': ['-fopenmp'], 'ERT_ALIGN': ['64'], 'ERT_GNUPLOT': ['gnuplot']}
FLOPS          64
TIMESTAMP_DATA  1494195839.61
TIMESTAMP_DATA  1494195666.91
TIMESTAMP_DATA  1494195493.94
