8 134217728 698444.128 699912.071 705672.026 3.04317525547 3.06821919064 3.07466776784 0.760793813867 0.767054797659 0.76866694196
16 67108864 347784.042 348159.075 351503.849 6.10941716317 6.16811050523 6.17476188859 1.52735429079 1.54202762631 1.54369047215
24 33554432 174294.949 176500.082 177354.097 9.08133932762 9.12528038372 9.24073098642 2.2703348319 2.28132009593 2.3101827466
32 33554432 173879.147 173890.114 174750.09 12.2888843605 12.3496592106 12.3504381351 3.07222109013 3.08741480266 3.08760953376
40 16777216 86831.808 86869.001 87155.104 15.3998700983 15.4505895607 15.4572075708 3.84996752456 3.86264739018 3.86430189269
48 16777216 86822.033 86926.937 87105.989 18.4902640391 18.5283502627 18.5507374148 4.62256600978 4.63208756568 4.63768435369
56 16777216 92437.029 92913.151 93866.11 20.0183878079 20.2237053827 20.3278730648 5.00459695198 5.05592634567 5.0819682662
64 16777216 103176.117 103353.977 103390.932 20.7705221963 20.7779488544 20.8137668914 5.19263054907 5.19448721359 5.20344172286
72 8388608 57085.037 57126.045 57193.995 21.1203912579 21.1455134344 21.1607036709 5.28009781446 5.28637835859 5.29017591773
80 8388608 62491.179 62753.916 65366.983 20.5329543816 21.3879446185 21.4778677803 5.13323859539 5.34698615462 5.36946694509
88 8388608 67888.021 67989.111 68761.11 21.4713667071 21.7151685952 21.7475039963 5.36784167679 5.42879214879 5.43687599908
96 8388608 73299.885 76447.964 77592.134 20.7574228594 21.0680919638 21.9729230953 5.18935571485 5.26702299096 5.49323077383
104 8388608 78715.086 78808.069 78998.089 22.0869958513 22.1402514506 22.166404849 5.52174896281 5.53506286266 5.54160121225
112 8388608 84132.91 84352.97 84511.995 22.2341005203 22.2760169796 22.3342826487 5.55852513007 5.5690042449 5.58357066218
120 8388608 89625.12 90067.863 92480.898 21.769532558 22.3527666022 22.4631879991 5.44238313949 5.58819165056 5.61579699977
128 8388608 48843.861 52063.942 52143.812 41.1838637344 41.2470428766 43.9662959486 10.2959659336 10.3117607192 10.9915739872
136 4194304 24407.148 24445.057 24460.077 46.6413367382 46.6699950014 46.7424824891 11.6603341846 11.6674987504 11.6856206223
144 4194304 24409.056 24431.944 24680.853 48.9431849053 49.4418107704 49.4881716032 12.2357962263 12.3604526926 12.3720429008
152 4194304 24428.844 24450.064 24515.867 52.0099254903 52.1499009573 52.1952007226 13.0024813726 13.0374752393 13.0488001806
160 4194304 24471.998 24497.032 24731.874 54.2691297877 54.7893834649 54.8454310923 13.5672824469 13.6973458662 13.7113577731
176 4194304 29868.126 29958.01 30277.014 48.7629000667 49.2821455097 49.43045332 12.1907250167 12.3205363774 12.35761333
192 4194304 35279.036 35286.903 35445.929 45.4385815646 45.643357707 45.6535358846 11.3596453912 11.4108394267 11.4133839711
208 4194304 40722.132 40739.059 40806.055 42.7591068041 42.8294248034 42.8472277434 10.689776701 10.7073562008 10.7118069358
224 4194304 46139.002 46159.983 48349.142 38.8641476202 40.7072981808 40.7258091972 9.71603690506 10.1768245452 10.1814522993
240 4194304 51553.965 51571.131 53893.089 37.3566621872 39.0386225968 39.0516213447 9.33916554681 9.7596556492 9.76290533619
264 2097152 12222.052 12247.801 12290.955 90.0903352099 90.4077602175 90.5982281862 22.5225838025 22.6019400544 22.6495570466
288 2097152 16288.996 16300.917 16433.954 73.5038902993 74.1037790696 74.1580114576 18.3759725748 18.5259447674 18.5395028644
312 2097152 20350.933 20372.868 20587.921 63.5626515178 64.2336095242 64.3028429213 15.8906628795 16.058402381 16.0757107303
336 2097152 24421.93 24710.178 33478.975 42.0946622171 57.0326180572 57.705764614 10.5236655543 14.2581545143 14.4264411535
368 2097152 29866.934 29869.08 29947.042 51.5411128752 51.6756415665 51.6793545665 12.8852782188 12.9189103916 12.9198386416
400 2097152 17649.174 17671.824 17682.076 94.8826144622 94.9376589536 95.0594968354 23.7206536156 23.7344147384 23.7648742088
440 2097152 24435.043 24522.066 35537.958 51.9302138857 75.2584941253 75.5265198428 12.9825534714 18.8146235313 18.8816299607
480 2097152 31234.026 31249.046 31281.948 64.3587132106 64.4264762515 64.4574580299 16.0896783026 16.1066190629 16.1143645075
528 1048576 11529.922 11538.982 11543.036 95.9276446855 95.9613470235 96.0367516797 23.9819111714 23.9903367559 24.0091879199
576 1048576 14914.989 14926.91 14939.07 80.859086409 80.9249571412 80.9896374714 20.2147716022 20.2312392853 20.2474093679
632 1048576 19690.99 19715.071 19843.102 66.7939954146 67.2277601232 67.3099759839 16.6984988537 16.8069400308 16.827493996
688 1048576 15590.906 15592.098 15605.211 92.4588956856 92.5366538871 92.5437287609 23.1147239214 23.1341634718 23.1359321902
752 1048576 21043.062 21061.182 24148.941 65.30548499 74.8798573603 74.9443357625 16.3263712475 18.7199643401 18.7360839406
824 1048576 18718.958 18740.892 18764.019 92.0939830641 92.207630672 92.3156752635 23.023495766 23.051907668 23.0789188159
904 1048576 19341.946 19425.869 19681.931 96.3231406512 97.5928236724 98.0162703381 24.0807851628 24.3982059181 24.5040675845
992 1048576 23741.961 23761.034 24266.958 85.7287008944 87.5540510569 87.6243872189 21.4321752236 21.8885127642 21.9060968047
1088 524288 12408.018 12412.071 12504.101 91.2381216371 91.9146118323 91.9446351545 22.8095304093 22.9786529581 22.9861587886
1192 524288 13061.047 13061.047 13252.974 94.3111027004 95.6969676321 95.6969676321 23.5777756751 23.924241908 23.924241908
1304 524288 14065.981 14068.127 14068.842 97.1894562466 97.194395814 97.2092244402 24.2973640617 24.2985989535 24.30230611
1432 524288 15425.92 15453.1 15702.009 95.6285805211 97.1689066919 97.3401153383 23.9071451303 24.292226673 24.3350288346
1568 524288 16943.932 16968.966 16971.111 96.8803496719 96.8925960486 97.0357510878 24.220087418 24.2231490121 24.2589377719
1720 524288 18829.107 18836.021 18876.076 95.5469092199 95.7500907437 95.7852499325 23.886727305 23.9375226859 23.9463124831
1888 524288 21073.103 21076.918 21328.211 92.8212632555 93.9279399388 93.9449443207 23.2053158139 23.4819849847 23.4862360802
2072 262144 11106.014 11112.213 11124.134 97.6547689915 97.7595314273 97.8140974791 24.4136922479 24.4398828568 24.4535243698
2272 262144 12555.838 12561.798 12570.858 94.7574410593 94.8257833791 94.8707952428 23.6893602648 23.7064458448 23.7176988107
2496 262144 13573.885 13581.991 13608.932 96.1591143229 96.3498538616 96.4073916937 24.0397785807 24.0874634654 24.1018479234
2744 262144 14827.013 14855.862 15736.103 91.4232877098 96.8403093674 97.0287320851 22.8558219274 24.2100773419 24.2571830213
3016 262144 16356.945 16369.82 16531.944 95.6483162537 96.5956014177 96.6716344647 23.9120790634 24.1489003544 24.1679086162
3312 262144 18143.892 18151.999 18162.012 95.6084521913 95.6611916957 95.7039347456 23.9021130478 23.9152979239 23.9259836864
3640 262144 19589.901 19594.908 19982.1 95.5058937749 97.3930737516 97.4179665329 23.8764734437 24.3482684379 24.3544916332
4000 262144 21384.954 21389.008 21395.922 98.0164350945 98.0481189216 98.0667061524 24.5041087736 24.5120297304 24.5166765381
4400 131072 13787.031 13797.998 13891.935 83.0290092777 83.5942721546 83.6607678622 20.7572523194 20.8985680386 20.9151919656
4840 131072 15350.103 15364.885 15376.091 82.5162234016 82.5764045745 82.6559248495 20.6290558504 20.6441011436 20.6639812124
5320 131072 16703.844 16715.05 16746.998 83.2749893444 83.4341554467 83.49012838 20.8187473361 20.8585388617 20.872532095
5848 131072 17833.948 18091.917 19906.044 77.0126958425 84.7349737455 85.9606696173 19.2531739606 21.1837434364 21.4901674043
6432 131072 18594.98 18630.028 18656.015 90.3789050341 90.5049744423 90.6755591025 22.5947262585 22.6262436106 22.6688897756
7072 131072 20051.003 20066.977 20324.23 91.2153802629 92.3847357776 92.458335775 22.8038450657 23.0961839444 23.1145839438
7776 131072 22114.038 22123.814 23066.998 88.3700490198 92.137447187 92.178178585 22.092512255 23.0343617967 23.0445446463
8552 65536 13355.017 13360.023 13417.959 83.5393627302 83.9016328041 83.9330825262 20.8848406826 20.975408201 20.9832706316
9400 65536 14313.936 14318.943 14322.996 86.0208855745 86.0452339254 86.0753324592 21.5052213936 21.5113084814 21.5188331148
10336 65536 15356.064 15397.072 15422.106 87.845343042 87.9881702183 88.2231405131 21.9613357605 21.9970425546 22.0557851283
11368 65536 16467.81 16548.872 16570.807 89.9187647288 90.0379491726 90.4811566322 22.4796911822 22.5094872932 22.6202891581
12504 65536 19182.92 19308.09 19490.957 84.0863939108 84.8827764942 85.4366430137 21.0215984777 21.2206941236 21.3591607534
13752 65536 20650.864 20737.171 21808.863 82.6499824406 86.921313616 87.2845874148 20.6624956102 21.730328404 21.8211468537
15120 65536 21955.967 21965.027 21998.882 90.0867889559 90.2256409701 90.2628720475 22.521697239 22.5564102425 22.5657180119
16632 32768 12649.059 12681.007 12728.93 85.6312943822 85.9549050008 86.1720031506 21.4078235955 21.4887262502 21.5430007876
18288 32768 13726.95 13746.977 13776.064 87.0003484304 87.1844310207 87.3116291674 21.7500871076 21.7961077552 21.8279072919
20112 32768 14621.019 14679.193 14688.969 89.7312828422 89.7910417827 90.1483017018 22.4328207106 22.4477604457 22.5370754255
22120 32768 16582.966 16607.046 16645.908 87.0878488575 87.2916423547 87.4183978909 21.7719622144 21.8229105887 21.8545994727
24328 32768 17719.984 17745.018 17771.959 89.7121025319 89.8483060429 89.9752397068 22.428025633 22.4620765107 22.4938099267
26760 32768 19695.044 19699.097 19816.875 88.497472987 89.0265863456 89.0449069319 22.1243682468 22.2566465864 22.261226733
29432 32768 22048.95 22403.955 24952.888 77.2998921808 86.0944218108 87.4806080108 19.3249730452 21.5236054527 21.8701520027
32368 32768 23751.02 23910.046 24017.096 88.3233030338 88.7187439121 89.3127641676 22.0808257585 22.179685978 22.3281910419
35600 16384 15711.784 15934.944 15947.104 73.1506360026 73.206457456 74.246234546 18.2876590007 18.301614364 18.5615586365
39160 16384 20898.104 21502.972 21587.849 59.4406084645 59.6752337305 61.4024545002 14.8601521161 14.9188084326 15.350613625
43072 16384 23627.043 23741.961 23834.944 59.2148777862 59.4467868935 59.7359261589 14.8037194465 14.8616967234 14.9339815397
47376 16384 25958.061 26068.926 26214.838 59.2190105466 59.5504689376 59.8048046809 14.8047526367 14.8876172344 14.9512011702
52112 16384 28567.076 28649.092 28692.007 59.5150424995 59.6041932498 59.7753167318 14.8787606249 14.9010483125 14.9438291829
57320 16384 31390.905 31403.065 31570.911 59.493429252 59.8114152233 59.8345845716 14.873357313 14.9528538058 14.9586461429
63048 16384 34567.118 34608.126 35085.917 58.8827951682 59.695716087 59.7665348902 14.7206987921 14.9239290218 14.9416337225
69352 8192 19128.084 19145.966 20671.844 54.9667058246 59.3473929704 59.4028742241 13.7416764561 14.8368482426 14.850718556
76280 8192 20952.94 21936.893 21955.013 56.9241985874 56.9712183033 59.6465947022 14.2310496468 14.2428045758 14.9116486756
83904 8192 23001.909 23047.924 23115.158 59.471068119 59.6445534964 59.7638715987 14.8677670298 14.9111383741 14.9409678997
92288 8192 25332.928 25478.84 25526.047 59.2354386874 59.3451896554 59.6870046763 14.8088596718 14.8362974139 14.9217511691
101512 8192 27876.139 27892.113 27946.949 59.5117774037 59.6287777839 59.6629471535 14.8779443509 14.907194446 14.9157367884
111656 8192 30595.064 30637.98 30779.839 59.4340959353 59.709285795 59.7930406029 14.8585239838 14.9273214487 14.9482601507
122816 8192 33701.181 33891.916 33922.911 59.3173546928 59.3716018888 59.7076210475 14.8293386732 14.8429004722 14.9269052619
135096 4096 18550.158 18558.025 18632.174 59.3976007309 59.6349251604 59.6602159399 14.8494001827 14.9087312901 14.915053985
148600 4096 20426.989 20450.83 20554.066 59.2258096281 59.5247821238 59.5942554235 14.806452407 14.8811955309 14.8985638559
163456 4096 22379.16 22431.135 22689.819 59.014642294 59.6952205941 59.8338611458 14.7536605735 14.9238051485 14.9584652865
179800 4096 24673.939 24695.873 24721.861 59.5797217693 59.642418796 59.6954381706 14.8949304423 14.910604699 14.9238595427
197776 4096 27188.063 27768.85 28372.049 57.1048284881 58.3452678811 59.5916300473 14.276207122 14.5863169703 14.8979075118
217552 4096 29958.963 30422.926 32455.206 54.9121760004 58.5803608765 59.4875725171 13.7280440001 14.6450902191 14.8718931293
239304 4096 33863.068 34470.081 35764.933 54.8128628677 56.8718816762 57.8913395561 13.7032157169 14.217970419 14.472834889
263232 2048 19859.076 20149.946 20758.152 51.9409565938 53.5087425048 54.2924691965 12.9852391485 13.3771856262 13.5731172991
289552 2048 23216.009 23733.139 23901.939 49.6196142079 49.9725296346 51.0856535247 12.404903552 12.4931324087 12.7714133812
318504 2048 26407.957 27359.009 27374.983 47.6563723893 47.6841973333 49.4014884983 11.9140930973 11.9210493333 12.3503721246
350352 2048 31080.961 32178.879 32948.017 43.5547241584 44.5957670558 46.1710882106 10.8886810396 11.1489417639 11.5427720526
385384 2048 36089.182 36461.115 36740.065 42.9648903452 43.2935982347 43.7397795273 10.7412225863 10.8233995587 10.9349448818
423920 2048 40200.949 41449.07 43771.982 39.6686702466 41.8918040863 43.192421154 9.91716756166 10.4729510216 10.7981052885
466312 2048 45057.058 45610.189 48244.953 39.5899225355 41.8769137747 42.3910045791 9.89748063388 10.4692284437 10.5977511448
512936 2048 49599.171 49855.947 50133.944 41.9074520848 42.1411282389 42.3592937874 10.4768630212 10.5352820597 10.5898234468
564224 1024 27364.969 27372.122 27704.954 41.7084522862 42.2156072518 42.2266420985 10.4271130715 10.5539018129 10.5566605246
620640 1024 30086.04 30086.994 30230.999 42.0452767704 42.2465175484 42.2478571457 10.5113191926 10.5616293871 10.5619642864
682704 1024 33149.958 33158.064 33170.938 42.1506860011 42.1670514901 42.1773623967 10.5376715003 10.5417628725 10.5443405992
750968 1024 36461.115 36463.976 36474.228 42.1662787215 42.1781339479 42.1814435461 10.5415696804 10.544533487 10.5453608865
826064 1024 40076.971 40130.854 40204.048 42.0798192262 42.1565679116 42.2132469043 10.5199548065 10.5391419779 10.5533117261
908664 1024 44132.948 44142.962 44821.978 41.5185575255 42.1572044033 42.1667700966 10.3796393814 10.5393011008 10.5416925241
999528 1024 48460.96 48464.06 48499.823 42.2070271061 42.2381728646 42.240874799 10.5517567765 10.5595432161 10.5602186998
1099480 512 26701.927 26758.194 26769.876 42.0572557004 42.075616912 42.164279754 10.5143139251 10.518904228 10.5410699385
1209424 512 29340.029 29368.877 29438.972 42.0683907033 42.1687957629 42.2102573927 10.5170976758 10.5421989407 10.5525643482
1330360 512 32238.007 32315.016 32824.993 41.5015668092 42.1565206714 42.2572226627 10.3753917023 10.5391301678 10.5643056657
1463392 512 35542.011 35550.117 35707.951 41.9658189852 42.1521371646 42.1617507237 10.4914547463 10.5380342911 10.5404376809
1609728 512 39031.982 39110.899 40745.974 40.4545850837 42.1458343875 42.2310471449 10.1136462709 10.5364585969 10.5577617862
1770696 512 43049.097 45024.872 47489.882 38.180610851 40.2709130189 42.1191808971 9.54515271274 10.0677282547 10.5297952243
1947760 512 48619.986 49607.038 50626.993 39.3961031816 40.2061143018 41.0223532356 9.84902579539 10.0515285754 10.2555883089
2142536 256 27364.016 27925.014 27998.924 39.1793067476 39.2830038331 40.0883566213 9.79482668691 9.82075095826 10.0220891553
2356784 256 31656.027 31818.867 32035.112 37.6672136498 37.9232047452 38.1182833841 9.41680341246 9.48080118629 9.52957084602
2592456 256 35684.824 35985.947 36127.09 36.7407801735 36.8848837575 37.1961333479 9.18519504339 9.22122093939 9.29903333697
2851696 256 41605.949 42030.096 42248.011 34.5594577695 34.738639474 35.092778487 8.63986444238 8.68465986849 8.77319462176
3136864 256 48889.875 51182.985 53438.187 30.0548064627 31.3790680243 32.8508585469 7.51370161566 7.84476700607 8.21271463672
3450544 256 62132.12 62629.938 62991.142 28.0464597387 28.2082113509 28.4342225567 7.01161493468 7.05205283773 7.10855563918
3795592 256 67025.9 69615.126 76114.178 25.5319462821 27.9155295072 28.9939128606 6.38298657052 6.9788823768 7.24847821514
4175144 256 80167.055 84172.964 84239.006 25.3762933527 25.3962035601 26.66523958 6.34407333819 6.34905089002 6.66630989501
4592656 128 48066.854 49434.9 49907.923 23.5577813166 23.7831964058 24.4600975134 5.88944532915 5.94579910144 6.11502437834
5051920 128 53100.824 55859.804 61150.789 21.1492204949 23.1524535961 24.3553945604 5.28730512373 5.78811339904 6.08884864009
5557112 128 60883.045 63975.811 63976.049 22.2367697636 22.2368524879 23.3664507417 5.55919244091 5.55921312197 5.84161268544
6112816 128 70991.993 72460.89 72688.103 21.5287073319 21.5962141232 22.0430618985 5.38217683298 5.39905353081 5.51076547464
6724096 128 78250.885 82026.005 82401.991 20.8898905853 20.9856444429 21.998071664 5.22247264632 5.24641111072 5.499517916
7396504 128 87476.015 92692.137 97225.904 19.4753141508 20.4278926485 21.6459908925 4.86882853771 5.10697316214 5.41149772312
8136152 128 99369.049 104758.024 106162.071 19.6195768638 19.8825334086 20.9608015067 4.90489421594 4.97063335215 5.24020037668
8949760 64 54582.834 57464.123 57805.061 19.8178024585 19.9353826387 20.9877207915 4.95445061463 4.98384565966 5.24693019787
9844736 64 60872.078 63930.988 65140.009 19.344888454 19.7107263226 20.7012188413 4.83622211351 4.92768158064 5.17530471031
10829208 64 68225.145 70717.096 70999.146 19.523314041 19.6011813607 20.3171224334 4.88082851025 4.90029534018 5.07928060834
11912128 64 75592.995 77668.905 81595.898 18.68663035 19.6314391712 20.1705513057 4.67165758749 4.9078597928 5.04263782643
13103336 64 84300.041 86113.93 86457.968 19.3993341134 19.4768373479 19.8959216165 4.84983352836 4.86920933698 4.97398040411
14413664 64 91650.963 92298.985 96369.982 19.1444364076 19.9888329433 20.1301648298 4.7861091019 4.99720823582 5.03254120745
15855024 64 101098.776 107042.074 111370.802 18.2223979316 18.959302601 20.073863921 4.55559948289 4.73982565024 5.01846598024
17440520 32 56381.226 58686.972 61406.851 18.1770154604 19.019438931 19.7972509502 4.54425386509 4.75485973275 4.94931273754
19184568 32 61512.947 64982.891 65159.082 18.8433034093 18.8943940952 19.9602264544 4.71082585233 4.7235985238 4.99005661361
21103024 32 68004.847 72250.128 72556.019 18.6144933889 18.6933030209 19.8602540198 4.65362334722 4.67332575522 4.96506350496
23213320 32 74852.943 79001.904 80404.997 18.4771162917 18.805274364 19.8476161452 4.61927907292 4.70131859101 4.96190403629
25534648 32 82693.815 87202.072 87248.087 18.730696892 18.7405807513 19.7622696691 4.68267422299 4.68514518783 4.94056741729
28088112 32 94988.108 96682.072 97203.97 18.493474783 18.5933041236 18.9248865553 4.62336869574 4.64832603091 4.73122163882
30896920 32 103849.888 105105.162 105365.992 18.7669934337 18.8135657885 19.0409726778 4.69174835843 4.70339144713 4.76024316945
33986608 16 55098.057 57986.975 58179.855 18.6932651517 18.7554438906 19.738835001 4.67331628791 4.68886097266 4.93470875026
37385264 16 60682.058 64002.991 64184.904 18.6387822283 18.6917584524 19.7146980084 4.65969555707 4.67293961309 4.92867450211
41123784 16 66761.971 70494.89 70703.03 18.6125133251 18.6674677838 19.7112378243 4.65312833128 4.66686694596 4.92780945607
45236160 16 74735.165 77445.984 77719.927 18.6253021056 18.6911837804 19.3691566748 4.6563255264 4.67279594511 4.84228916869
49759776 16 80806.971 84635.973 85824.966 18.553026074 18.8136648704 19.705141924 4.63825651851 4.70341621759 4.92628548099
54735752 16 88841.915 93652.01 108386.04 16.1602367242 18.702685228 19.7152893879 4.04005918105 4.675671307 4.92882234697
60209320 16 98762.035 103016.138 103879.929 18.5473580753 18.7028777957 19.5084906867 4.63683951883 4.67571944893 4.87712267168
66230248 16 107543.945 114084.005 114715.099 18.475056505 18.5772574867 19.7069945314 4.61876412625 4.64431437168 4.92674863285
72853272 8 59142.113 62304.02 62335.014 18.6998009177 18.7091033933 19.7093457246 4.67495022942 4.67727584833 4.92733643115
80138592 8 65023.899 68403.959 68485.022 18.7225970666 18.7447845234 19.7191723615 4.68064926664 4.68619613084 4.92979309038
88152448 8 71996.927 75455.904 76315.165 18.481767916 18.6922307365 19.5902690125 4.620441979 4.67305768413 4.89756725311
96967688 8 78892.946 82790.136 82899.094 18.7153192289 18.7399499863 19.6656746473 4.67882980724 4.68498749658 4.91641866182
106664456 8 87561.846 90954.065 91815.233 18.5876704795 18.7636615912 19.4905815028 4.64691761987 4.69091539779 4.8726453757
117330896 8 95371.962 100568.056 101952.076 18.413497887 18.6669048868 19.6839227864 4.60337447175 4.66672622169 4.92098069661
129063984 8 109846.83 109930.992 113028.049 18.2700114022 18.7847276408 18.7991200474 4.56750285055 4.69618191019 4.69978001186
141970376 4 57532.072 60195.923 60655.832 18.7247123739 18.8677729553 19.7413889074 4.68117809348 4.71694323883 4.93534722685
156167408 4 63853.025 66154.957 66458.941 18.7986634334 18.8850438524 19.5658586888 4.69966585835 4.72126096311 4.89146467219
171784144 4 70834.16 73480.129 74553.967 18.4332666295 18.7026502362 19.401276898 4.60831665738 4.67566255906 4.85031922451
188962552 4 76470.137 81298.113 81576.109 18.5311659815 18.5945326431 19.7685067048 4.63279149536 4.64863316077 4.9421266762
207858800 4 84046.125 88246.107 89326.859 18.6155700381 18.843555331 19.7852119892 4.65389250953 4.71088883275 4.94630299731
228644680 4 93417.168 97023.964 99822.044 18.3241833838 18.8526356231 19.5805276392 4.58104584595 4.71315890577 4.8951319098
251509144 4 101570.845 107500.076 107887.983 18.6496502766 18.716946321 19.8095541294 4.66241256916 4.67923658026 4.95238853236
276660056 2 55910.826 58823.109 60223.103 18.3756759262 18.8130182646 19.7929507248 4.59391898156 4.70325456616 4.9482376812
304326056 2 61508.179 64934.969 67559.958 18.018131746 18.7465127457 19.7909325848 4.50453293651 4.68662818642 4.94773314619
334758656 2 68591.118 71404.934 73798.18 18.1445480634 18.7526904513 19.5219827733 4.53613701585 4.68817261283 4.88049569333
368234520 2 74604.988 78943.014 79360.008 18.5602057903 18.6582447941 19.7431581921 4.64005144758 4.66456119854 4.93578954801
405057968 2 82010.984 86316.109 87018.013 18.6194997581 18.7709095182 19.7562788906 4.65487493951 4.69272737954 4.93906972266
445563760 2 90067.863 94779.968 95057.011 18.7493276009 18.8041321137 19.7879130318 4.68733190022 4.70103302841 4.94697825794
490120136 2 100862.98 104773.045 104898.214 18.6893605643 18.7116881446 19.4370674354 4.67234014108 4.67792203615 4.85926685886
539132144 1 54376.841 57329.178 59162.14 18.2255795345 18.80829842 19.8294764494 4.55639488362 4.70207460501 4.95736911234
593045352 1 59750.08 63117.027 63400.984 18.7077649142 18.7919292206 19.850863865 4.67694122855 4.69798230516 4.96271596624
652349880 1 65773.964 69384.098 69423.914 18.7932325452 18.8040170242 19.83611266 4.6983081363 4.70100425605 4.959028165
717584864 1 72430.134 76274.872 76581.001 18.7405454259 18.8157605561 19.8145391806 4.68513635647 4.70394013903 4.95363479515
789343344 1 79952.002 84412.098 84440.947 18.6957482606 18.7021377907 19.7454303646 4.67393706515 4.67553444768 4.93635759115
868277672 1 89796.066 93247.175 94960.928 18.2870511122 18.6231416019 19.3388799906 4.57176277806 4.65578540047 4.83471999764
955105432 1 99461.079 102869.034 104735.851 18.2383667652 18.5693477398 19.2056117147 4.55959169129 4.64233693494 4.80140292868
1050615968 1 109083.176 113152.027 114776.134 18.307220001 18.5699893472 19.2626582123 4.57680500025 4.64249733679 4.81566455307

META_DATA
ERT_VERSION  1.1.0
TIMESTAMP_DATA  1494194567.51
HOSTNAME  ('c4ba798bf1f2', [], ['172.17.0.9'])
UNAME  ('Linux', 'c4ba798bf1f2', '4.9.12-moby', '#1 SMP Tue Feb 28 12:11:36 UTC 2017', 'x86_64', 'x86_64')
OPENMP_THREADS 1
TIMESTAMP_DATA  1494194528.79
TIMESTAMP_DATA  1494194548.11
FLOPS          4
CONFIG  {'ERT_WORKING_SET_MIN': ['1'], 'ERT_CFLAGS': ['-Ofast', '-march=native'], 'ERT_CC': ['cc'], 'ERT_MPI_CFLAGS': [], 'ERT_MPI_LDFLAGS': [], 'ERT_MEMORY_MAX': ['1073741824', '#', '1GB'], 'ERT_LDFLAGS': [], 'ERT_LDLIBS': [], 'ERT_RUN': ['export', 'OMP_NUM_THREADS=ERT_OPENMP_THREADS', ';', './ERT_CODE'], 'ERT_FLOPS': ['1,4,16,32,64'], 'ERT_OPENMP_CFLAGS': ['-fopenmp'], 'ERT_MPI': ['False'], 'ERT_TRIALS_MIN': ['1'], 'ERT_DRIVER': ['driver1'], 'ERT_RESULTS': ['Results'], 'ERT_OPENMP': ['True'], 'ERT_OPENMP_THREADS': ['1,2,4,8', '#', ',16'], 'ERT_KERNEL': ['kernel1'], 'ERT_GPU': [False], 'ERT_LD': ['cc'], 'ERT_NUM_EXPERIMENTS': ['3'], 'ERT_OPENMP_LDFLAGS': ['-fopenmp'], 'ERT_ALIGN': ['64'], 'ERT_GNUPLOT': ['gnuplot']}
