32 33554432 1019109.011 1021772.861 1031269.073 2.08236987245 2.10172312259 2.10721681863 2.08236987245 2.10172312259 2.10721681863
64 16777216 502034.903 515676.022 518713.951 4.14001521235 4.16440469671 4.2775584629 4.14001521235 4.16440469671 4.2775584629
96 8388608 234160.185 242176.056 250216.007 6.43688929142 6.65058619998 6.8782518941 6.43688929142 6.65058619998 6.8782518941
128 8388608 247630.119 256142.855 260056.019 8.25777329153 8.38392953807 8.67214237376 8.25777329153 8.38392953807 8.67214237376
160 4194304 116685.867 118998.051 143331.051 9.36417664306 11.2789854012 11.5024836727 9.36417664306 11.2789854012 11.5024836727
192 4194304 117630.005 120419.025 127917.051 12.5910715062 13.3750687319 13.6921930421 12.5910715062 13.3750687319 13.6921930421
224 4194304 112211.943 119053.841 128150.94 14.6627733827 15.7831799144 16.7455276307 14.6627733827 15.7831799144 16.7455276307
256 4194304 118436.813 124888.897 130568.981 16.4471196111 17.1951526484 18.1318932315 16.4471196111 17.1951526484 18.1318932315
288 2097152 63239.813 66681.862 69849.968 17.2936307143 18.1152642678 19.1012511691 17.2936307143 18.1152642678 19.1012511691
320 2097152 55721.998 65377.951 65414.906 20.5179119267 20.5295097119 24.0870271737 20.5179119267 20.5295097119 24.0870271737
352 2097152 53327.084 65421.104 65423.012 22.5669067025 22.5675648641 27.6856504661 22.5669067025 22.5675648641 27.6856504661
384 2097152 58849.096 68229.914 70068.121 22.9863840076 23.6056685635 27.3685212769 22.9863840076 23.6056685635 27.3685212769
416 2097152 56746.96 65387.964 74300.051 23.4835702064 26.6842757789 30.7475583538 23.4835702064 26.6842757789 30.7475583538
448 2097152 52093.983 65426.111 65458.059 28.7061397894 28.7201571862 36.0703498521 28.7061397894 28.7201571862 36.0703498521
480 2097152 58634.996 59817.076 65558.91 30.7092646903 33.65704335 34.3355684718 30.7092646903 33.65704335 34.3355684718
512 2097152 55451.155 55853.844 65984.011 32.545515428 38.4482695229 38.7274827368 32.545515428 38.4482695229 38.7274827368
544 1048576 27252.913 32894.85 33298.016 34.2618217254 34.68174161 41.8616053264 34.2618217254 34.68174161 41.8616053264
576 1048576 25654.078 33099.89 33103.943 36.4898994661 36.4943675644 47.0864535455 36.4898994661 36.4943675644 47.0864535455
608 1048576 28481.007 33674.002 40178.061 31.7354392986 37.8650692009 44.7690777226 31.7354392986 37.8650692009 44.7690777226
640 1048576 16566.992 23824.93 26021.004 51.580533941 56.334993639 81.0151462619 51.580533941 56.334993639 81.0151462619
704 1048576 16974.926 18435.955 23689.985 62.3214834454 80.0823720822 86.9750482565 62.3214834454 80.0823720822 86.9750482565
768 1048576 17950.058 26602.983 34055.948 47.2931405697 60.5425615616 89.727439098 47.2931405697 60.5425615616 89.727439098
832 1048576 19825.935 23807.049 35907.984 48.5917133081 73.2904974489 88.0074742503 48.5917133081 73.2904974489 88.0074742503
896 1048576 23313.999 25062.084 36765.814 51.1085703692 74.9757359364 80.5974209744 51.1085703692 74.9757359364 80.5974209744
960 1048576 22840.977 23892.164 47590.971 42.3035268602 84.2646953202 88.1427234921 42.3035268602 84.2646953202 88.1427234921
1056 524288 9561.062 9681.94 19290.924 57.3998558078 114.367188394 115.81310277 57.3998558078 114.367188394 115.81310277
1152 524288 9402.99 9584.904 18903.971 63.8997780942 126.027297926 128.465472366 63.8997780942 126.027297926 128.465472366
1248 524288 12572.05 25096.178 27585.03 47.439602132 52.1443085079 104.089853922 47.439602132 52.1443085079 104.089853922
1344 524288 14863.014 28080.94 30575.991 46.0912663141 50.1865729566 94.8183285032 46.0912663141 50.1865729566 94.8183285032
1472 524288 13507.128 13679.028 19173.145 80.5034266418 112.837247793 114.273283854 80.5034266418 112.837247793 114.273283854
1600 524288 22240.877 22258.997 30042.887 55.8442202975 75.3727402901 75.4341476732 55.8442202975 75.3727402901 75.4341476732
1760 524288 23076.773 23694.992 33581.018 54.9564566506 77.885392829 79.9719163507 54.9564566506 77.885392829 79.9719163507
1920 524288 18697.023 21675.11 32490.969 61.9638620196 92.883769448 107.678421319 61.9638620196 92.883769448 107.678421319
2112 262144 9593.964 11570.93 18640.995 59.401134757 95.696392252 115.415927765 59.401134757 95.696392252 115.415927765
2304 262144 9432.077 9448.051 9529.114 126.765148575 127.852776409 128.069305626 126.765148575 127.852776409 128.069305626
2528 262144 11245.012 12577.057 13184.786 100.524958388 105.382369182 117.865598009 100.524958388 105.382369182 117.865598009
2752 262144 12026.072 13689.041 14569.044 99.0346776357 105.401143586 119.976046709 99.0346776357 105.401143586 119.976046709
3008 262144 12792.826 13264.894 14222.86 110.881939638 118.889627313 123.276772779 110.881939638 118.889627313 123.276772779
3296 262144 15077.114 22812.128 34670.115 49.8427319321 75.7515146329 114.614325261 49.8427319321 75.7515146329 114.614325261
3616 262144 16561.985 19940.138 29923.916 63.3548566304 95.0758419024 114.468489616 63.3548566304 95.0758419024 114.468489616
3968 262144 15819.073 18938.065 31856.06 65.3054641409 109.851496655 131.510536932 65.3054641409 109.851496655 131.510536932
4352 131072 8909.941 8980.036 17616.034 64.7620621077 127.042997155 128.04245146 64.7620621077 127.042997155 128.04245146
4768 131072 9917.974 10717.869 19479.036 64.1665528007 116.618573338 126.023983527 64.1665528007 116.618573338 126.023983527
5216 131072 11241.913 14569.044 22042.036 62.0334303056 93.8526305501 121.629041605 62.0334303056 93.8526305501 121.629041605
5728 131072 12044.907 12821.913 15578.985 96.3837395055 117.108954959 124.663547174 96.3837395055 117.108954959 124.663547174
6272 131072 12511.015 14583.111 16892.195 97.3329498031 112.744610392 131.417568279 97.3329498031 112.744610392 131.417568279
6880 131072 16748.905 17318.01 19921.064 90.5348589814 104.143069556 107.681709342 90.5348589814 104.143069556 107.681709342
7552 131072 14940.023 20203.114 21844.864 90.6259470418 97.9904131611 132.510605104 90.6259470418 97.9904131611 132.510605104
8288 65536 8862.972 10033.131 17607.927 61.6952089817 108.273751833 122.568900816 61.6952089817 108.273751833 122.568900816
9088 65536 10440.111 10481.119 18482.924 64.447721367 113.650301652 114.096711807 64.447721367 113.650301652 114.096711807
9984 65536 10088.921 10187.149 20188.808 64.8192230071 128.458202388 129.708900288 64.8192230071 128.458202388 129.708900288
10976 65536 12367.01 14153.957 22540.092 63.8261047027 101.642690592 116.329353013 63.8261047027 101.642690592 116.329353013
12064 65536 14727.831 15052.08 17153.978 92.1799368053 105.052099643 107.364934321 92.1799368053 105.052099643 107.364934321
13248 65536 13641.119 13684.988 13817.072 125.673648947 126.886618826 127.294678391 125.673648947 126.886618826 127.294678391
14560 65536 14714.003 14824.867 16002.893 119.253957394 128.730215253 129.700144821 119.253957394 128.730215253 129.700144821
16000 65536 16129.971 23194.075 24245.977 86.4948440725 90.4175743159 130.015856817 86.4948440725 90.4175743159 130.015856817
17600 32768 9663.82 9679.079 9959.936 115.807330489 119.167701803 119.355865486 115.807330489 119.167701803 119.355865486
19360 32768 10364.056 11631.966 14008.045 90.5748775079 109.076742487 122.420890045 90.5748775079 109.076742487 122.420890045
21280 32768 11368.036 12464.046 13210.058 105.571533448 111.890318762 122.677838107 105.571533448 111.890318762 122.677838107
23392 32768 12282.848 14432.192 15408.993 99.4885332221 106.222125648 124.809662384 99.4885332221 106.222125648 124.809662384
25728 32768 14161.11 14334.917 18263.102 92.3233198829 117.622599977 119.066246078 92.3233198829 117.622599977 119.066246078
28288 32768 16150.951 18448.114 20857.096 88.8849707553 100.491701645 114.784718745 88.8849707553 100.491701645 114.784718745
31104 32768 17693.996 24096.012 24708.033 82.5007698508 84.5962287867 115.204713735 82.5007698508 84.5962287867 115.204713735
34208 16384 9109.974 9133.101 9223.938 121.523772601 122.732437099 123.044011322 121.523772601 122.732437099 123.044011322
37600 16384 9909.153 10051.012 11271.0 109.313885192 122.582362851 124.337246584 109.313885192 122.582362851 124.337246584
41344 16384 10839.939 14085.054 14203.072 95.3850119185 96.1842384133 124.978580784 95.3850119185 96.1842384133 124.978580784
45472 16384 11942.863 14460.087 14744.043 101.059559851 103.044089292 124.762922927 101.059559851 103.044089292 124.762922927
50016 16384 13302.088 13885.975 17642.975 92.8938735106 118.027310866 123.208047338 92.8938735106 118.027310866 123.208047338
55008 16384 14563.799 17953.873 19001.007 94.8635061289 100.396284635 123.765931128 94.8635061289 100.396284635 123.765931128
60480 16384 15856.028 20762.92 24748.802 80.0769524117 95.4494184826 124.987710668 80.0769524117 95.4494184826 124.987710668
66528 8192 8861.065 8924.961 9032.965 120.668545931 122.128797201 123.00945225 120.668545931 122.128797201 123.00945225
73152 8192 9736.061 9815.216 10478.02 114.384432173 122.108608512 123.101361834 114.384432173 122.108608512 123.101361834
80448 8192 10773.897 11255.026 21018.028 62.7109275904 117.108572828 122.338280383 62.7109275904 117.108572828 122.338280383
88480 8192 11735.916 11853.933 23199.797 62.4857329571 122.293277683 123.523065434 62.4857329571 122.293277683 123.523065434
97312 8192 15445.948 15610.933 16417.027 97.1162323117 102.130975003 103.221881104 97.1162323117 102.130975003 103.221881104
107040 8192 14221.191 15530.109 15804.052 110.967956825 112.925373544 123.319021592 110.967956825 112.925373544 123.319021592
117728 8192 20006.895 22067.07 27033.091 71.3516464691 87.4087747943 96.4095404109 71.3516464691 87.4087747943 96.4095404109
129472 8192 17020.941 23437.977 34605.98 61.2977655307 90.5056459438 124.627025498 61.2977655307 90.5056459438 124.627025498
142400 4096 10407.925 10445.833 12511.015 93.2410999427 111.67522973 112.081975994 93.2410999427 111.67522973 112.081975994
156640 4096 11382.103 11434.078 16183.138 79.2920927944 112.225478959 112.737943067 79.2920927944 112.225478959 112.737943067
172288 4096 13078.928 13096.094 17652.988 79.9515241272 107.771316852 107.912765939 79.9515241272 107.771316852 107.912765939
189504 4096 14264.822 17910.004 28711.081 54.0703001743 86.6787504905 108.828330841 54.0703001743 86.6787504905 108.828330841
208448 4096 19635.201 22001.982 25683.88 66.4855160513 77.6114631855 86.9665666269 66.4855160513 77.6114631855 86.9665666269
229280 4096 19144.058 25464.058 32974.958 56.9602472276 73.7612897363 98.1119969444 56.9602472276 73.7612897363 98.1119969444
252192 4096 26576.042 29892.921 39079.189 52.8659093719 69.1119099401 77.7375676935 52.8659093719 69.1119099401 77.7375676935
277408 2048 10656.118 13908.148 20065.069 56.6289190433 81.6976615434 106.630122527 56.6289190433 81.6976615434 106.630122527
305120 2048 11075.02 11337.042 22053.003 56.6712624127 110.237883921 112.845983122 56.6712624127 110.237883921 112.845983122
335616 2048 12785.196 15296.936 25503.874 53.9009538708 89.8665677885 107.521475306 53.9009538708 89.8665677885 107.521475306
369152 2048 14024.973 20742.893 27947.903 54.1023271764 72.8946821449 107.811016249 54.1023271764 72.8946821449 107.811016249
406048 2048 15268.803 15422.821 24938.107 66.6920150756 107.838417369 108.926194673 66.6920150756 107.838417369 108.926194673
446624 2048 21986.008 23771.048 32380.104 56.4967890159 76.9579828369 83.2061874989 56.4967890159 76.9579828369 83.2061874989
491264 2048 20864.964 37247.896 45395.851 44.3260187809 54.0223089111 96.4400103446 44.3260187809 54.0223089111 96.4400103446
540384 1024 9704.113 19458.055 20153.046 54.9150948199 56.8765188504 114.045089129 54.9150948199 56.8765188504 114.045089129
594400 1024 11434.078 21774.054 22078.037 55.1376555805 55.907420823 106.465182413 55.1376555805 55.907420823 106.465182413
653824 1024 13530.97 15781.879 24935.961 53.6988148161 84.8461423383 98.9604996538 53.6988148161 84.8461423383 98.9604996538
719200 1024 13557.911 13795.137 28023.005 52.5611582341 106.771074474 108.63927341 52.5611582341 106.771074474 108.63927341
791104 1024 17129.183 30348.063 44378.996 36.5078333904 53.3866359774 94.5860051819 36.5078333904 53.3866359774 94.5860051819
870208 1024 18236.16 24549.961 35509.109 50.1895438717 72.5942490907 97.7281392574 50.1895438717 72.5942490907 97.7281392574
957216 1024 22969.007 27622.938 37682.056 52.0241880645 70.969220146 85.3488515198 52.0241880645 70.969220146 85.3488515198
1052928 512 10741.949 11442.9 11863.947 90.8802333658 94.2242151902 100.372685813 90.8802333658 94.2242151902 100.372685813
1158208 512 11785.03 12200.832 12861.013 92.2170743471 97.2068947429 100.636569614 92.2170743471 97.2068947429 100.636569614
1274016 512 14379.978 16276.121 19444.942 67.0916058274 80.1537653843 90.7228358764 67.0916058274 80.1537653843 90.7228358764
1401408 512 17463.923 18163.919 22201.061 64.6384329109 79.0050755016 82.1717887785 64.6384329109 79.0050755016 82.1717887785
1541536 512 17893.791 25263.071 25895.119 60.9587028351 62.4838074516 88.2167934117 60.9587028351 62.4838074516 88.2167934117
1695680 512 21863.937 28289.08 28926.134 60.0279428976 61.3797380473 79.4173675125 60.0279428976 61.3797380473 79.4173675125
1865248 512 26615.143 33941.031 36852.121 51.8291457906 56.2744824104 71.7641814662 51.8291457906 56.2744824104 71.7641814662
2051744 512 32413.006 36116.838 53092.003 39.5725483554 58.1719212518 64.8192227527 39.5725483554 58.1719212518 64.8192227527
2256896 256 12425.184 17146.826 24980.068 46.2581107465 67.3903585422 92.9990857278 46.2581107465 67.3903585422 92.9990857278
2482560 256 13132.095 17532.825 26287.079 48.3534408673 72.4966296076 96.7911608925 48.3534408673 72.4966296076 96.7911608925
2730816 256 15067.101 18173.933 30071.974 46.4943801827 76.9331433103 92.7967358817 46.4943801827 76.9331433103 92.7967358817
3003872 256 15854.12 21439.075 26063.919 59.0081048057 71.7373517281 97.0083778854 59.0081048057 71.7373517281 97.0083778854
3304256 256 21378.04 28681.04 36222.935 46.7046381526 58.9859737304 79.136303983 46.7046381526 58.9859737304 79.136303983
3634656 256 28480.053 32263.041 34909.964 53.3069547708 57.6803616249 65.3420087385 53.3069547708 57.6803616249 65.3420087385
3998112 256 29307.127 31746.149 43270.111 47.3082526643 64.4813121743 69.8476293497 47.3082526643 64.4813121743 69.8476293497
4397920 128 12339.83 17313.004 23745.06 47.4148104911 65.0301657644 91.2384951819 47.4148104911 65.0301657644 91.2384951819
4837696 128 14161.11 14303.923 27884.96 44.4128367407 86.5811551139 87.4543150925 44.4128367407 86.5811551139 87.4543150925
5321440 128 14934.063 16564.131 30471.087 44.707582634 82.2432906381 91.2202285473 44.707582634 82.2432906381 91.2202285473
5853568 128 19070.864 24883.986 34919.977 42.9127833618 60.2199908005 78.576062836 42.9127833618 60.2199908005 78.576062836
6438912 128 26458.979 28869.867 41677.952 39.5499632995 57.0962613718 62.2987558212 39.5499632995 57.0962613718 62.2987558212
7082784 128 44723.034 47894.955 53383.112 33.96566135 37.8576972042 40.5427034311 33.96566135 37.8576972042 40.5427034311
7791040 128 52754.164 63419.104 64068.794 31.1306974188 31.449612407 37.8075603662 31.1306974188 31.449612407 37.8075603662
8570144 64 18445.015 30251.98 36187.172 30.3140138168 36.2613763463 59.4728945463 30.3140138168 36.2613763463 59.4728945463
9427136 64 30883.789 34013.033 44069.052 27.3814242249 35.4767952626 39.0714173057 27.3814242249 35.4767952626 39.0714173057
10369824 64 40219.069 43734.074 50167.084 26.4583341539 30.3501903802 33.0026901418 26.4583341539 30.3501903802 33.0026901418
11406784 64 50930.977 51999.092 56797.028 25.7067738122 28.0787278362 28.6675897068 25.7067738122 28.0787278362 28.6675897068
12547456 64 53659.916 59674.025 66047.907 24.3168094335 26.9141283498 29.9306165146 24.3168094335 26.9141283498 29.9306165146
13802176 64 59644.938 66318.035 72711.945 24.2969504942 26.6394884589 29.6199239573 24.2969504942 26.6394884589 29.6199239573
15182368 64 71619.034 82787.037 84137.201 23.0973110693 23.4740023852 27.134450096 23.0973110693 23.4740023852 27.134450096
16700576 64 85478.067 91628.79 95129.967 22.4710866135 23.3297168717 25.0084472313 22.4710866135 23.3297168717 25.0084472313
18370624 32 39097.071 39492.846 51176.071 22.9740172121 29.7704535145 30.0718162749 22.9740172121 29.7704535145 30.0718162749
20207680 32 40140.152 41403.055 55858.135 23.1531453744 31.2366205827 32.2193976744 23.1531453744 31.2366205827 32.2193976744
22228448 32 46465.158 52057.028 55996.895 25.4053492073 27.3281193079 30.6169339185 25.4053492073 27.3281193079 30.6169339185
24451264 32 51543.951 68694.115 71707.01 21.8232624119 22.7804215252 30.3601269526 21.8232624119 22.7804215252 30.3601269526
26896384 32 75762.987 76560.02 79854.965 21.5561872202 22.4839096959 22.7204423184 21.5561872202 22.4839096959 22.7204423184
29586016 32 67680.836 79257.011 84968.09 22.2848957061 23.8906943387 27.9769745161 22.2848957061 23.8906943387 27.9769745161
32544608 32 83738.089 85575.104 94369.888 22.0711813497 24.3394961226 24.8734469209 22.0711813497 24.3394961226 24.8734469209
35799040 16 36770.105 51844.835 52025.08 22.0195582592 22.0961119849 31.1549091307 22.0195582592 22.0961119849 31.1549091307
39378944 16 49497.843 56970.119 57079.077 22.0768497711 22.1190727722 25.4582044717 22.0768497711 22.1190727722 25.4582044717
43316832 16 62711.0 63802.958 65991.879 21.0046848946 21.7253034569 22.1035962431 21.0046848946 21.7253034569 22.1035962431
47648512 16 69444.18 69642.067 70555.925 21.6105505526 21.8941287886 21.95651794 21.6105505526 21.8941287886 21.95651794
52413344 16 68583.012 70590.019 76488.018 21.9279705744 23.7601155483 24.4554293999 21.9279705744 23.7601155483 24.4554293999
57654656 16 72151.899 76766.968 84384.918 21.8634921468 24.0331100741 25.5703455844 21.8634921468 24.0331100741 25.5703455844
63420096 16 77851.057 92252.016 97385.168 20.8393445704 21.9989021378 26.0682789702 20.8393445704 21.9989021378 26.0682789702
69762080 8 46392.918 50855.16 54473.877 20.4904321387 21.9484764181 24.0595618495 20.4904321387 21.9484764181 24.0595618495
76738272 8 48655.987 56438.923 58558.941 20.9671201534 21.7547091039 25.2345585344 20.9671201534 21.7547091039 25.2345585344
84412096 8 42690.992 62504.053 63372.135 21.3121040659 21.6080953342 31.6364992409 21.3121040659 21.6080953342 31.6364992409
92853280 8 53960.085 68255.901 74007.988 20.0742179344 21.7659199898 27.5324340204 20.0742179344 21.7659199898 27.5324340204
102138592 8 57111.979 65658.092 75963.974 21.5130592299 24.8898105659 28.6142679805 21.5130592299 24.8898105659 28.6142679805
112352448 8 69278.002 69425.106 82443.953 21.8043786425 25.8932145959 25.9481959078 21.8043786425 25.8932145959 25.9481959078
123587680 8 78075.886 79347.134 82353.115 24.0112700048 24.9209111951 25.3266787136 24.0112700048 24.9209111951 25.3266787136
135946432 4 34554.005 36664.009 40313.005 26.9781787788 29.663189751 31.474541258 26.9781787788 29.663189751 31.474541258
149541056 4 42544.842 45939.922 47994.137 24.926554008 26.0411510494 28.1192358876 24.926554008 26.0411510494 28.1192358876
164495136 4 43704.987 46756.029 51567.078 25.5194038336 28.1452705917 30.110089908 25.5194038336 28.1452705917 30.110089908
180944640 4 53411.007 58603.048 60359.955 23.9820775214 24.7010551397 27.1022248279 23.9820775214 24.7010551397 27.1022248279
199039104 4 47308.922 56472.063 63096.046 25.2363330659 28.1964700316 33.6577703462 25.2363330659 28.1964700316 33.6577703462
218943008 4 62093.019 63520.193 70158.958 24.9653659908 27.5746023631 28.2083894809 24.9653659908 27.5746023631 28.2083894809
240837280 4 75577.021 78783.035 87625.98 21.9877511213 24.4557504036 25.4931752338 21.9877511213 24.4557504036 25.4931752338
264920992 4 77078.104 89951.038 89993.0 23.5503643172 23.5613505205 27.4963683071 23.5503643172 23.5613505205 27.4963683071
291413088 2 39158.821 39963.007 53223.848 21.9009409466 29.1682843586 29.7672994802 21.9009409466 29.1682843586 29.7672994802
320554368 2 48655.033 55668.831 60312.986 21.2593929937 23.0329512757 26.3532340426 21.2593929937 23.0329512757 26.3532340426
352609792 2 55473.089 64463.139 64620.972 21.8263378644 21.8797779612 25.4256468033 21.8263378644 21.8797779612 25.4256468033
387870752 2 61079.979 62178.135 73951.96 20.9796063282 24.9522281104 25.4008438346 20.9796063282 24.9522281104 25.4008438346
426657824 2 78016.043 78572.989 79213.858 21.5446051876 21.7203305833 21.8753890914 21.5446051876 21.7203305833 21.8753890914
469323584 2 85891.962 86022.854 86929.083 21.5956992897 21.8232045173 21.8564612134 21.5956992897 21.8232045173 21.8564612134
516255936 2 94054.937 94443.798 98634.005 20.9362252298 21.8651069496 21.9555061102 20.9362252298 21.8651069496 21.9555061102
567881504 1 51862.001 52836.18 54039.001 21.0174686242 21.4959334305 21.8997143593 21.0174686242 21.4959334305 21.8997143593
624669632 1 42898.893 57663.202 60359.001 20.6984748472 21.6661444503 29.1228788584 20.6984748472 21.6661444503 29.1228788584
687136576 1 46687.841 50134.897 63836.098 21.5281509218 27.4115084349 29.4353545284 21.5281509218 27.4115084349 29.4353545284
755850208 1 59962.034 67523.003 69050.074 21.8928138441 22.3879322429 25.2109595882 21.8928138441 22.3879322429 25.2109595882
831435200 1 75356.007 75612.068 78825.951 21.0954689275 21.9921296161 22.0668592485 21.0954689275 21.9921296161 22.0668592485
914578720 1 84767.103 89716.196 89812.04 20.3665058716 20.3882634525 21.5786239622 20.3665058716 20.3882634525 21.5786239622
1006036576 1 80962.896 84020.853 97952.843 20.5412430143 23.9473068906 24.8517932461 20.5412430143 23.9473068906 24.8517932461

META_DATA
ERT_VERSION  1.1.0
HOSTNAME  ('c4ba798bf1f2', [], ['172.17.0.9'])
UNAME  ('Linux', 'c4ba798bf1f2', '4.9.12-moby', '#1 SMP Tue Feb 28 12:11:36 UTC 2017', 'x86_64', 'x86_64')
TIMESTAMP_DATA  1494194863.66
OPENMP_THREADS 4
CONFIG  {'ERT_WORKING_SET_MIN': ['1'], 'ERT_CFLAGS': ['-Ofast', '-march=native'], 'ERT_CC': ['cc'], 'ERT_MPI_CFLAGS': [], 'ERT_MPI_LDFLAGS': [], 'ERT_MEMORY_MAX': ['1073741824', '#', '1GB'], 'ERT_LDFLAGS': [], 'ERT_LDLIBS': [], 'ERT_RUN': ['export', 'OMP_NUM_THREADS=ERT_OPENMP_THREADS', ';', './ERT_CODE'], 'ERT_FLOPS': ['1,4,16,32,64'], 'ERT_OPENMP_CFLAGS': ['-fopenmp'], 'ERT_MPI': ['False'], 'ERT_TRIALS_MIN': ['1'], 'ERT_DRIVER': ['driver1'], 'ERT_RESULTS': ['Results'], 'ERT_OPENMP': ['True'], 'ERT_OPENMP_THREADS': ['1,2,4,8', '#', ',16'], 'ERT_KERNEL': ['kernel1'], 'ERT_GPU': [False], 'ERT_LD': ['cc'], 'ERT_NUM_EXPERIMENTS': ['3'], 'ERT_OPENMP_LDFLAGS': ['-fopenmp'], 'ERT_ALIGN': ['64'], 'ERT_GNUPLOT': ['gnuplot']}
TIMESTAMP_DATA  1494194883.29
FLOPS          16
TIMESTAMP_DATA  1494194902.7
