16 67108864 348742.008 349439.144 354316.95 6.06091141843 6.14551542056 6.15780031868 1.51522785461 1.53637885514 1.53945007967
32 33554432 176010.132 176937.103 177443.027 12.1023839838 12.1369888598 12.2009092522 3.02559599595 3.03424721496 3.05022731305
48 16777216 86972.952 86987.972 87581.158 18.3899456547 18.5153498693 18.5185474215 4.59748641369 4.62883746732 4.62963685538
64 16777216 87064.028 91826.916 95223.904 22.5519387233 23.3862111627 24.6655673684 5.63798468082 5.84655279069 6.1663918421
80 8388608 43779.135 44113.874 44654.131 30.0571805999 30.425287065 30.6579214048 7.51429514998 7.60632176625 7.6644803512
96 8388608 43530.941 43751.955 43919.802 36.6716757056 36.8123604077 36.9992630299 9.16791892641 9.20309010192 9.24981575749
112 8388608 46583.891 46941.042 47237.873 39.7784250785 40.0299633741 40.3368664932 9.94460626963 10.0074908435 10.0842166233
128 8388608 51604.986 51866.055 52073.956 41.2391109291 41.40441466 41.613879093 10.3097777323 10.351103665 10.4034697733
144 4194304 28573.036 28633.833 28726.101 42.0509400841 42.1864425905 42.2762058607 10.512735021 10.5466106476 10.5690514652
160 4194304 31651.02 31821.012 31888.008 42.0903456873 42.1789627558 42.4054984642 10.5225864218 10.544740689 10.601374616
176 4194304 34417.152 34557.104 34599.066 42.6715278384 42.7233430209 42.8970708558 10.6678819596 10.6808357552 10.724267714
192 4194304 36686.897 36782.026 36918.163 43.6265676599 43.7880375594 43.9015797929 10.906641915 10.9470093899 10.9753949482
208 4194304 39376.974 39567.947 39890.051 43.7409935625 44.097068367 44.3109331865 10.9352483906 11.0242670917 11.0777332966
224 4194304 42205.095 43113.947 50174.952 37.4499250542 43.583302452 44.5218330157 9.36248126356 10.895825613 11.1304582539
240 4194304 44785.023 45010.805 45901.06 43.8609897026 44.7285028561 44.953999912 10.9652474257 11.182125714 11.238499978
256 4194304 24486.065 24535.894 25241.852 85.0763108824 87.5241655348 87.7022767031 21.2690777206 21.8810413837 21.9255691758
272 2097152 12250.9 12290.955 12323.141 92.5779140237 92.8203453678 93.1238266576 23.1444785059 23.2050863419 23.2809566644
288 2097152 12548.923 12919.903 13071.06 92.4148119586 93.4960233061 96.2600178517 23.1037029897 23.3740058265 24.0650044629
304 2097152 12389.898 12676.001 12843.132 99.2801768291 100.589169723 102.911938097 24.8200442073 25.1472924308 25.7279845242
320 2097152 12451.172 12562.037 12770.176 105.102488799 106.843920297 107.795256543 26.2756221997 26.7109800743 26.9488141357
352 2097152 14940.023 15160.799 15352.011 96.1694860693 97.3824010199 98.8214682133 24.0423715173 24.345600255 24.7053670533
384 2097152 17696.857 17768.145 17918.11 89.8874231713 90.6460824132 91.0112307513 22.4718557928 22.6615206033 22.7528076878
416 2097152 20411.968 20484.209 20514.011 85.0555488149 85.1792941578 85.4807563876 21.2638872037 21.2948235394 21.3701890969
448 2097152 23096.085 23187.876 23454.189 80.1156753704 81.0358047455 81.3578661492 20.0289188426 20.2589511864 20.3394665373
480 2097152 25773.048 25925.159 26572.943 75.7637541314 77.6568398288 78.1151658896 18.9409385329 19.4142099572 19.5287914724
528 1048576 6144.047 6151.915 6176.949 179.262651513 179.992125379 180.222621344 44.8156628782 44.9980313447 45.055655336
576 1048576 8151.054 8286.953 8373.022 144.268049457 145.766429712 148.196730386 36.0670123642 36.441607428 37.0491825965
624 1048576 10196.924 10407.925 12909.889 101.365925609 125.733308801 128.335059475 25.3414814024 31.4333272002 32.0837648687
672 1048576 12223.005 12235.88 12362.003 114.001440058 115.176525432 115.297845661 28.5003600145 28.7941313579 28.8244614152
736 1048576 14930.964 14958.143 14965.057 103.14052743 103.18820137 103.376036001 25.7851318575 25.7970503424 25.8440090004
800 1048576 8831.024 8911.848 8955.956 187.330263793 188.257429884 189.980414502 46.8325659483 47.0643574711 47.4951036256
880 1048576 12229.204 12253.046 12326.002 149.723629771 150.615100931 150.90873944 37.4309074427 37.6537752327 37.7271848601
960 1048576 15598.059 15621.185 15707.016 128.176218831 128.88048634 129.071567174 32.0440547078 32.2201215849 32.2678917935
1056 524288 5753.994 5764.961 5954.027 185.974342407 192.073503359 192.439591699 46.4935856018 48.0183758398 48.1098979248
1152 524288 7458.925 7498.98 7524.967 160.526890284 161.083180913 161.948209963 40.131722571 40.2707952282 40.4870524908
1264 524288 9851.933 9866.953 9943.008 133.299708096 134.327189356 134.531981084 33.3249270241 33.5817973391 33.6329952711
1376 524288 7787.943 7791.996 17757.893 81.2506627898 185.169573496 185.265939414 20.3126656974 46.2923933739 46.3164848536
1504 524288 10964.87 11009.932 11358.023 138.849719181 143.239604386 143.828271927 34.7124297952 35.8099010966 35.9570679817
1648 524288 9342.194 9356.022 10097.98 171.128606711 184.699570822 184.972956888 42.7821516779 46.1748927055 46.243239222
1808 524288 9683.847 9684.086 9801.149 193.428893694 195.767097483 195.771929069 48.3572234235 48.9417743709 48.9429822673
1984 524288 11885.881 11981.01 12094.975 172.003231425 173.639349604 175.029077272 43.0008078562 43.409837401 43.7572693181
2176 262144 6183.863 6217.003 6222.01 183.357257221 183.504928018 184.488351052 45.8393143052 45.8762320044 46.1220877629
2384 262144 6520.033 6654.024 6654.978 187.814684286 187.841611632 191.701881263 46.9536710715 46.9604029081 47.9254703159
2608 262144 7030.01 7066.011 7073.879 193.294669587 193.509903112 194.500876101 48.3236673966 48.3774757781 48.6252190253
2864 262144 7732.868 7791.996 7844.925 191.405377617 192.70554451 194.179033187 47.8513444042 48.1763861275 48.5447582967
3136 262144 8463.144 8569.002 8610.01 190.959960325 191.873822412 194.273802738 47.7399900813 47.9684556031 48.5684506845
3440 262144 9417.057 9420.156 9493.113 189.985173462 191.456566112 191.519571348 47.4962933655 47.864141528 47.879892837
3776 262144 10518.074 10525.942 10622.025 186.377972938 188.079270055 188.219961944 46.5944932346 47.0198175137 47.0549904859
4144 131072 5546.093 5572.081 5679.131 191.283619976 194.958532728 195.872073548 47.8209049941 48.7396331819 48.968018387
4544 131072 6264.925 6388.187 7105.827 167.634581591 186.466416215 190.135131067 41.9086453976 46.6166040537 47.5337827668
4992 131072 6783.009 6798.029 6803.036 192.358653989 192.500333258 192.926597621 48.0896634973 48.1250833146 48.2316494052
5488 131072 7403.135 7430.077 7497.072 191.894418514 193.624678721 194.32933102 47.9736046286 48.4061696803 48.582332755
6032 131072 8177.042 8192.062 8203.03 192.764455085 193.022539136 193.377092597 48.1911137714 48.255634784 48.3442731491
6624 131072 9130.001 9222.984 9309.053 186.53259961 188.273324122 190.190762958 46.6331499026 47.0683310304 47.5476907396
7280 131072 9828.091 9834.051 9871.006 193.334734069 194.06125919 194.178942788 48.3336835172 48.5153147975 48.5447356969
8000 131072 10693.073 10724.068 10759.83 194.905681595 195.555641758 196.122480413 48.7264203988 48.8889104396 49.0306201033
8800 65536 6886.959 6918.192 7009.983 164.541568788 166.724716516 167.480828621 41.1353921971 41.6811791289 41.8702071553
9680 65536 7677.794 7709.98 7836.103 161.914278054 164.562937906 165.252800479 40.4785695134 41.1407344766 41.3132001197
10640 65536 8327.007 8376.122 8377.075 166.478881949 166.497823217 167.479873621 41.6197204872 41.6244558042 41.8699684052
11696 65536 8892.059 8913.994 9058.952 169.226872159 171.978813537 172.403052206 42.3067180398 42.9947033844 43.1007630516
12864 65536 9312.868 9376.049 9408.951 179.202783392 179.831633559 181.051659704 44.800695848 44.9579083898 45.2629149259
14144 65536 10026.932 10037.899 10092.974 183.680485851 184.688286662 184.89029027 45.9201214627 46.1720716656 46.2225725676
15552 65536 11064.053 11080.027 11108.875 183.495785487 183.973535805 184.239152144 45.8739463717 45.9933839511 46.0597880361
17104 32768 6649.017 6695.986 6758.928 165.844013133 167.402940209 168.585483238 41.4610032834 41.8507350523 42.1463708094
18800 32768 7147.074 7148.027 7242.918 170.107793572 172.365996939 172.388980442 42.5269483929 43.0914992347 43.0972451104
20672 32768 7673.025 7705.927 7735.014 175.146443432 175.807555924 176.5614203 43.7866108581 43.951888981 44.1403550751
22736 32768 8594.036 8630.037 9145.975 162.916091067 172.655864164 173.379131295 40.7290227668 43.1639660409 43.3447828238
25008 32768 9616.137 9629.011 9873.152 165.998081261 170.206918239 170.434789771 41.4995203153 42.5517295598 42.6086974426
27504 32768 10329.962 10332.108 10371.923 173.786687772 174.456378505 174.49262098 43.4466719431 43.6140946262 43.6231552449
30240 32768 10970.116 10980.844 11007.071 180.048683251 180.478717301 180.655212762 45.0121708127 45.1196793252 45.1638031904
33264 16384 6335.974 6421.089 6512.88 167.359870288 169.752319583 172.032705942 41.8399675719 42.4380798958 43.0081764856
36576 16384 6847.143 6866.217 6873.846 174.359793338 174.553523141 175.039774691 43.5899483346 43.6383807852 43.7599436729
40224 16384 7296.085 7315.874 7425.07 177.514829086 180.164397583 180.653053247 44.3787072714 45.0410993956 45.1632633118
44240 16384 8268.118 8306.98 8396.149 172.657288478 174.510630819 175.330869734 43.1643221196 43.6276577047 43.8327174334
48656 16384 8861.065 8877.993 8949.995 178.14086019 179.585612199 179.928688933 44.5352150476 44.8964030497 44.9821722332
53520 16384 9867.907 9874.105 9966.85 175.957635562 177.610361648 177.721918133 43.9894088905 44.402590412 44.4304795333
58864 16384 11023.045 11174.917 11268.139 171.177827324 172.605805663 174.983913429 42.7944568309 43.1514514157 43.7459783572
64736 16384 12026.072 12058.973 12098.074 175.339417497 175.90795236 176.389202393 43.8348543743 43.9769880901 44.0973005982
71200 8192 7978.916 8001.089 8051.157 144.891075904 145.797753281 146.20291779 36.2227689759 36.4494383202 36.5507294475
78320 8192 10747.91 10756.969 10763.884 119.212997836 119.289632609 119.390177253 29.803249459 29.8224081523 29.8475443133
86144 8192 11806.965 11815.071 11838.913 119.21561515 119.456184055 119.538195972 29.8039037875 29.8640460138 29.8845489929
94752 8192 12962.818 12970.924 12974.977 119.646976484 119.684362348 119.75920421 29.911744121 29.9210905869 29.9398010525
104224 8192 14271.975 14305.83 14307.022 119.354399259 119.364344187 119.647492096 29.8385998148 29.8410860467 29.9118730239
114640 8192 15709.162 15798.092 15841.007 118.569593461 118.891683882 119.564732988 29.6423983652 29.7229209705 29.8911832471
126096 8192 17316.103 17426.968 18590.927 111.127157027 118.549415136 119.308418528 27.7817892567 29.6373537841 29.827104632
138704 4096 9524.822 9534.836 10315.18 110.154468269 119.169660391 119.294950394 27.5386170673 29.7924150976 29.8237375985
152560 4096 10483.027 10612.965 10694.981 116.855889693 117.758941069 119.218573032 29.2139724231 29.4397352672 29.8046432581
167808 4096 11499.882 11506.081 11634.111 118.159706057 119.474487969 119.538890573 29.5399265144 29.8686219921 29.8847226432
184576 4096 12741.804 12745.857 13113.022 115.308781759 118.630437483 118.668172262 28.8271954398 29.6576093706 29.6670430655
203024 4096 14056.921 14091.969 14837.027 112.096082861 118.022726845 118.316991893 28.0240207152 29.5056817113 29.5792479733
223312 4096 15311.003 15336.037 15706.778 116.470220945 119.285830101 119.480866407 29.1175552363 29.8214575252 29.8702166017
245632 4096 16882.896 16885.996 16951.084 118.707295887 119.164859686 119.186740474 29.6768239718 29.7912149215 29.7966851185
270192 2048 9257.078 9376.049 9438.038 117.260222093 118.035478697 119.552458346 29.3150555232 29.5088696742 29.8881145865
297200 2048 10243.893 10276.079 10344.982 117.673592859 118.462615945 118.834821879 29.4183982147 29.6156539863 29.7087054697
326912 2048 11250.019 11264.086 11301.994 118.47746088 118.876183296 119.024825825 29.61936522 29.719045824 29.7562064562
359600 2048 12341.022 12431.86 12511.015 117.729984338 118.479583908 119.351671199 29.4324960845 29.6198959769 29.8379177997
395552 2048 13674.021 13741.016 13821.125 117.224972063 117.908384067 118.486068728 29.3062430157 29.4770960168 29.6215171821
435104 2048 15087.128 15127.182 15869.856 112.300072792 117.813481982 118.126258623 28.075018198 29.4533704956 29.5315646556
478608 2048 17162.8 17575.979 17953.157 109.19407478 111.537364035 114.222525928 27.2985186951 27.8843410088 28.555631482
526464 1024 9930.849 10013.819 10242.939 105.262588404 107.671036595 108.570603782 26.3156471009 26.9177591486 27.1426509456
579104 1024 11885.881 12099.981 12332.916 96.1658209624 98.0170953987 99.7826742502 24.0414552406 24.5042738497 24.9456685626
637008 1024 14155.865 14247.894 14334.917 91.0080179746 91.5638749137 92.1591428005 22.7520044936 22.8909687284 23.0397857001
700704 1024 16310.93 16562.939 16651.869 86.1790224269 86.6417362281 87.9803783107 21.5447556067 21.660434057 21.9950945777
770768 1024 18604.994 19075.155 19083.977 82.7150894177 82.7533440226 84.8445779665 20.6787723544 20.6883360057 21.2111444916
847840 1024 21072.149 21116.972 21185.875 81.9591506133 82.2265768028 82.4014826395 20.4897876533 20.5566442007 20.6003706599
932624 1024 23185.968 23580.074 24096.012 79.2668078021 81.0011856621 82.3780120804 19.8167019505 20.2502964155 20.5945030201
1025872 1024 25488.853 25562.048 25611.162 82.0339918978 82.1916090604 82.4276343859 20.5084979744 20.5479022651 20.6069085965
1128448 512 13987.064 14060.974 14270.782 80.9717892124 82.1799935054 82.6142464208 20.2429473031 20.5449983764 20.6535616052
1241280 512 15403.986 15516.996 15556.812 81.705089706 81.9147417451 82.5157021046 20.4262724265 20.4786854363 20.6289255262
1365408 512 17015.934 17096.043 17122.984 81.6550311558 81.7837081949 82.1687361975 20.4137577889 20.4459270487 20.5421840494
1501936 512 18671.989 18801.928 18950.939 81.1560030878 81.7991891044 82.368432415 20.2890007719 20.4497972761 20.5921081037
1652128 512 21090.031 21445.99 21468.163 78.8040910627 78.8855665791 80.2170026208 19.7010227657 19.7213916448 20.0542506552
1817328 512 22631.884 22946.119 23133.039 80.4452831295 81.1005936124 82.226644145 20.1113207824 20.2751484031 20.5566610363
1999056 512 24866.104 25557.995 25930.882 78.9419096504 80.0936593031 82.3222384978 19.7354774126 20.0234148258 20.5805596245
2198960 256 14001.131 14477.968 14705.181 76.5626427856 77.7641945334 80.4126123811 19.1406606964 19.4410486333 20.1031530953
2418848 256 15858.173 16080.856 16860.962 73.4507423716 77.0139460238 78.0953881636 18.3626855929 19.2534865059 19.5238470409
2660720 256 18958.092 19215.107 19644.022 69.3487637104 70.8967501456 71.8578979361 17.3371909276 17.7241875364 17.964474484
2926784 256 23475.885 23725.986 23730.04 63.1483726113 63.159162616 63.8320305283 15.7870931528 15.789790654 15.9580076321
3219456 256 30655.861 31734.943 33543.11 49.1415814455 51.9415293105 53.7698638443 12.2853953614 12.9853823276 13.4424659611
3541392 256 39264.202 40343.046 41975.021 43.1969457264 44.9443679587 46.1792832056 10.7992364316 11.2360919897 11.5448208014
3895520 256 51527.977 52793.98 54597.139 36.5313325301 37.7790467777 38.7072490736 9.13283313252 9.44476169442 9.67681226841
4285072 128 33497.095 35279.989 35837.173 30.6100716147 31.0935026652 32.7484646654 7.65251790369 7.7733756663 8.18711616634
4713568 128 39361.954 42032.957 44471.025 27.1339238976 28.7077925067 30.655830958 6.78348097441 7.17694812668 7.6639577395
5184912 128 46579.123 48115.015 48643.112 27.2872646799 27.586762095 28.4964032492 6.82181616999 6.89669052374 7.12410081229
5703392 128 54873.943 55566.072 56337.833 25.9163030286 26.2762563458 26.6076806618 6.47907575714 6.56906408644 6.65192016546
6273728 128 61933.994 65275.908 66141.844 24.2822738356 24.6043971997 25.9320328671 6.0705684589 6.15109929991 6.48300821678
6901088 128 70704.937 74187.994 77584.028 22.771162745 23.8135368372 24.9866360534 5.69279068625 5.95338420931 6.24665901336
7591184 128 86230.993 86320.162 86758.137 22.3995485749 22.5132003807 22.5364806364 5.59988714373 5.62830009517 5.63412015909
8350288 128 87777.138 94429.97 94892.979 22.5272064438 22.6376618355 24.3534225051 5.63180161095 5.65941545888 6.08835562627
9185312 64 49242.973 51997.9 52007.198 22.6068694568 22.6109119022 23.8758926274 5.6517173642 5.65272797555 5.96897315684
10103840 64 57070.017 57345.867 57546.139 22.473992912 22.5524800244 22.6614882557 5.618498228 5.6381200061 5.66537206393
11114224 64 63061.953 63547.85 67402.84 21.1062422889 22.3866058726 22.5590963223 5.27656057223 5.59665146815 5.63977408058
12225632 64 69751.978 71244.955 79777.002 19.6156894439 21.9647959073 22.4349321821 4.90392236098 5.49119897683 5.60873304553
13448192 64 76498.985 76663.017 76874.971 22.3917948015 22.4537024939 22.501848567 5.59794870036 5.61342562347 5.62546214175
14793008 64 85094.929 85188.15 85597.038 22.1211512482 22.227328848 22.2516787575 5.53028781206 5.55683221199 5.56291968937
16272304 64 92935.085 92963.934 93843.937 22.19487991 22.4049781714 22.4119331467 5.54871997751 5.60124454286 5.60298328667
17899520 32 50585.985 51189.899 51226.139 22.3629830856 22.378815008 22.6459814907 5.59074577141 5.594703752 5.66149537268
19689472 32 55937.052 56057.93 57570.934 21.8882363104 22.4789999916 22.5275763192 5.47205907759 5.6197499979 5.6318940798
21658416 32 61702.967 62131.882 62354.803 22.2298613308 22.3096191421 22.4646996959 5.5574653327 5.57740478552 5.61617492397
23824256 32 67664.146 68006.992 69089.89 22.0691100246 22.4205238191 22.534125887 5.51727750616 5.60513095477 5.63353147175
26206672 32 74621.916 74645.042 74743.986 22.4396248817 22.4693692047 22.4763326634 5.60990622041 5.61734230118 5.61908316586
28827328 32 82634.926 82833.052 83188.057 22.1780512556 22.2731017082 22.326503832 5.5445128139 5.56827542706 5.58162595801
31710048 32 90512.991 90516.806 90575.933 22.4059858373 22.4206217793 22.4215667782 5.60149645933 5.60515544484 5.60539169455
34881040 16 49813.986 49853.086 49955.845 22.3435972307 22.3896526686 22.4072267576 5.58589930768 5.59741316716 5.60180668939
38369136 16 54898.024 55026.054 55034.161 22.3100039992 22.3132909367 22.3653287047 5.57750099979 5.57832273417 5.59133217618
42206048 16 60492.039 61476.946 61769.009 21.8652291475 21.9691058824 22.3267980106 5.46630728688 5.4922764706 5.58169950264
46426640 16 66505.909 66536.903 66579.103 22.3140957606 22.3282481302 22.338653848 5.57852394016 5.58206203255 5.58466346201
51069296 16 73110.104 73434.114 73749.065 22.1591619094 22.2542001664 22.3528265259 5.53979047734 5.56355004161 5.58820663147
56176224 16 80362.797 80441.952 80442.905 22.346770893 22.3470356363 22.3690468115 5.58669272324 5.58675890908 5.59226170289
61793840 16 88605.881 88833.094 92325.926 21.4176338724 22.2597546811 22.316835606 5.3544084681 5.56493867027 5.57920890149
67973216 8 48568.01 48745.155 52413.94 20.7496604148 22.3113754793 22.3927530899 5.18741510369 5.57784386982 5.59818827249
74770528 8 53503.036 53534.985 53568.125 22.3328415546 22.3466663529 22.3600105235 5.58321038864 5.58666658821 5.59000263088
82247568 8 58997.154 59046.984 59283.018 22.1979435662 22.2866774703 22.3055011772 5.54948589156 5.57166936757 5.57637529431
90472320 8 65165.997 65900.803 66303.968 21.8321340889 21.9656977473 22.213381006 5.45803352222 5.49142443682 5.55334525151
99519552 8 71138.859 71437.836 71753.979 22.1912826883 22.2894886122 22.383165184 5.54782067208 5.57237215304 5.59579129601
109471504 8 78362.942 78476.906 78965.902 22.1810176245 22.3192293539 22.3516884295 5.54525440614 5.57980733848 5.58792210737
120418640 8 86240.053 86513.042 88134.05 21.8609974238 22.2706102509 22.3411068637 5.46524935595 5.56765256272 5.58527671591
132460496 8 94841.003 95176.935 99330.902 21.3364410604 22.2676632316 22.3465365081 5.3341102651 5.56691580791 5.58663412701
145706544 4 52299.023 52341.938 53599.119 21.7476028291 22.2699501879 22.288224237 5.43690070727 5.56748754698 5.57205605925
160277184 4 57430.029 57756.901 58009.863 22.1034390652 22.2002470666 22.3266032479 5.5258597663 5.55006176664 5.58165081198
176304896 4 63043.118 63100.1 63560.009 22.1906697339 22.3524078092 22.3726112024 5.54766743346 5.58810195229 5.5931528006
193935376 4 69522.142 69564.104 70513.964 22.0024931232 22.3029251983 22.3163867419 5.5006232808 5.57573129958 5.57909668548
213328912 4 76514.006 76788.902 76941.967 22.1807598966 22.2249732911 22.3048221524 5.54518997415 5.55624332277 5.57620553811
234661792 4 84000.111 84141.016 84244.967 22.2837565596 22.311286757 22.348712563 5.5709391399 5.57782168925 5.58717814075
258127968 4 93397.141 93453.169 93982.22 21.972493776 22.0968830281 22.1101387247 5.49312344399 5.52422075703 5.52753468117
283940752 2 50881.863 50973.892 51465.988 22.0682250965 22.2812691642 22.3215688466 5.51705627414 5.57031729106 5.58039221166
312334816 2 55928.946 56127.071 56355.0 22.1690934966 22.2591209864 22.3379726126 5.54227337415 5.56478024659 5.58449315315
343568288 2 61444.044 61631.918 61636.925 22.2962640008 22.2980753576 22.3662549294 5.57406600021 5.57451883941 5.59156373236
377925104 2 67456.961 67810.059 67856.073 22.2780415837 22.2931588365 22.4098505712 5.56951039592 5.57328970913 5.60246264281
415717600 2 74692.011 74917.078 75531.006 22.0157321882 22.1961459842 22.2630289068 5.50393304705 5.54903649606 5.5657572267
457289360 2 81991.911 81998.825 82633.018 22.135914726 22.3071176935 22.3089987499 5.5339786815 5.57677942336 5.57724968747
503018288 2 90013.981 90167.046 90900.898 22.1347995044 22.3149503201 22.3528959574 5.5336998761 5.57873758002 5.58822398934
553320112 1 49498.081 49589.157 49631.834 22.2969843105 22.3161733522 22.3572348997 5.57424607763 5.57904333804 5.58930872492
608652112 1 54253.101 54373.98 54391.146 22.3805584828 22.3876240805 22.4375049824 5.5951396207 5.59690602012 5.60937624561
669517312 1 60041.904 60048.103 60066.938 22.2923736182 22.29936596 22.3016682482 5.57309340456 5.57484149 5.57541706206
736469040 1 66201.21 66277.027 66311.121 22.2125347572 22.2239612528 22.249413266 5.55313368929 5.5559903132 5.5623533165
810115936 1 72757.006 72769.88 73019.981 22.1888837796 22.2651442053 22.2690839148 5.54722094491 5.56628605132 5.56727097869
891127520 1 79370.022 79663.992 80128.908 22.2423477929 22.372153281 22.4550150685 5.56058694822 5.59303832025 5.61375376713
980240272 1 87268.114 87524.176 88114.977 22.2491182628 22.399303068 22.4650270774 5.56227956571 5.599825767 5.61625676934

META_DATA
ERT_VERSION  1.1.0
TIMESTAMP_DATA  1494194599.13
HOSTNAME  ('c4ba798bf1f2', [], ['172.17.0.9'])
TIMESTAMP_DATA  1494194586.57
OPENMP_THREADS 2
FLOPS          4
CONFIG  {'ERT_WORKING_SET_MIN': ['1'], 'ERT_CFLAGS': ['-Ofast', '-march=native'], 'ERT_CC': ['cc'], 'ERT_MPI_CFLAGS': [], 'ERT_MPI_LDFLAGS': [], 'ERT_MEMORY_MAX': ['1073741824', '#', '1GB'], 'ERT_LDFLAGS': [], 'ERT_LDLIBS': [], 'ERT_RUN': ['export', 'OMP_NUM_THREADS=ERT_OPENMP_THREADS', ';', './ERT_CODE'], 'ERT_FLOPS': ['1,4,16,32,64'], 'ERT_OPENMP_CFLAGS': ['-fopenmp'], 'ERT_MPI': ['False'], 'ERT_TRIALS_MIN': ['1'], 'ERT_DRIVER': ['driver1'], 'ERT_RESULTS': ['Results'], 'ERT_OPENMP': ['True'], 'ERT_OPENMP_THREADS': ['1,2,4,8', '#', ',16'], 'ERT_KERNEL': ['kernel1'], 'ERT_GPU': [False], 'ERT_LD': ['cc'], 'ERT_NUM_EXPERIMENTS': ['3'], 'ERT_OPENMP_LDFLAGS': ['-fopenmp'], 'ERT_ALIGN': ['64'], 'ERT_GNUPLOT': ['gnuplot']}
TIMESTAMP_DATA  1494194611.65
UNAME  ('Linux', 'c4ba798bf1f2', '4.9.12-moby', '#1 SMP Tue Feb 28 12:11:36 UTC 2017', 'x86_64', 'x86_64')
