64 16777216 1005317.926 1013760.09 1015671.015 2.11434964303 2.11833516547 2.13612389918 2.11434964303 2.11833516547 2.13612389918
128 8388608 472912.073 508337.975 514724.97 4.17209922417 4.22451942136 4.54097869479 4.17209922417 4.22451942136 4.54097869479
192 4194304 229348.898 250674.963 251032.114 6.41596292337 6.42510411381 7.02254403682 6.41596292337 6.42510411381 7.02254403682
256 4194304 221952.915 228690.863 258879.185 8.29531214725 9.39033426972 9.6754018662 8.29531214725 9.39033426972 9.6754018662
320 2097152 100232.124 128233.194 133167.028 10.0789009123 10.4666914871 13.3906897952 10.0789009123 10.4666914871 13.3906897952
384 2097152 92075.109 106215.0 128872.156 12.4977558069 15.1637032058 17.4923793574 12.4977558069 15.1637032058 17.4923793574
448 2097152 110986.948 116187.096 129562.14 14.5030654171 16.172606569 16.9303528555 14.5030654171 16.172606569 16.9303528555
512 2097152 107599.974 139921.904 144609.928 14.850181296 15.3477303168 19.958031291 14.850181296 15.3477303168 19.958031291
576 1048576 33538.818 43434.143 79470.873 15.20002872 27.811290118 36.0167598035 15.20002872 27.811290118 36.0167598035
640 1048576 39497.137 65505.028 66088.915 20.3086596292 20.4896833263 33.9816346689 20.3086596292 20.4896833263 33.9816346689
704 1048576 45538.902 71044.922 92679.024 15.9301958985 20.7811475675 32.4205227434 15.9301958985 20.7811475675 32.4205227434
768 1048576 32218.218 46679.974 58476.925 27.5427057083 34.5032911972 49.9907454844 27.5427057083 34.5032911972 49.9907454844
832 1048576 38446.903 45573.95 65526.962 26.6276721939 38.2856975092 45.3828612411 26.6276721939 38.2856975092 45.3828612411
896 1048576 36237.955 43661.118 61465.025 30.5710148495 43.037106654 51.8530417072 30.5710148495 43.037106654 51.8530417072
960 1048576 38868.904 43473.959 80709.934 24.9444624747 46.3096981805 51.796313063 24.9444624747 46.3096981805 51.796313063
1024 1048576 33210.039 41759.014 65505.981 32.7830163783 51.4256310745 64.6636894344 32.7830163783 51.4256310745 64.6636894344
1088 524288 16679.049 17650.127 33101.082 34.4656615152 64.6369676547 68.4002240176 34.4656615152 64.6369676547 68.4002240176
1152 524288 16643.047 18795.967 34278.154 35.239924297 64.2669542887 72.5804326576 35.239924297 64.2669542887 72.5804326576
1216 524288 8616.924 17114.878 33917.904 37.5927833276 74.5005845791 147.972573043 37.5927833276 74.5005845791 147.972573043
1280 524288 8349.18 9017.944 33404.112 40.1800017914 148.834066834 160.755580788 40.1800017914 148.834066834 160.755580788
1408 524288 8671.999 10859.013 33727.169 43.7746496897 135.96033157 170.248521477 43.7746496897 135.96033157 170.248521477
1536 524288 10006.905 11564.97 33725.023 47.757202004 139.266486294 160.95013753 47.757202004 139.266486294 160.95013753
1664 524288 9328.127 11404.037 34999.847 49.8525168981 153.001122673 187.050461899 49.8525168981 153.001122673 187.050461899
1792 524288 8667.946 11863.947 13684.034 137.316831572 158.383056836 216.781252675 137.316831572 158.383056836 216.781252675
1920 524288 11904.955 14024.973 40539.026 49.6624146816 143.548648543 169.11159429 49.6624146816 143.548648543 169.11159429
2112 262144 4924.059 5785.942 24175.882 45.8016901307 191.377005853 224.874693012 45.8016901307 191.377005853 224.874693012
2304 262144 4773.855 9459.019 14555.931 82.9874469726 127.704527499 253.036498176 82.9874469726 127.704527499 253.036498176
2496 262144 6345.034 18871.069 31911.135 41.0083454568 69.3454540387 206.243630531 41.0083454568 69.3454540387 206.243630531
2688 262144 6259.918 14501.095 25399.923 55.4838746558 97.1848087334 225.128531077 55.4838746558 97.1848087334 225.128531077
2944 262144 7447.004 20387.173 27933.121 55.2571218948 75.7095587505 207.26507895 55.2571218948 75.7095587505 207.26507895
3200 262144 7720.947 22142.172 29343.128 57.1759629716 75.7704167414 217.294795574 57.1759629716 75.7704167414 217.294795574
3520 262144 10070.086 16870.022 33506.87 55.0780708553 109.39486386 183.264945304 55.0780708553 109.39486386 183.264945304
3840 262144 8453.131 10987.997 23602.962 85.2971724481 183.224105358 238.168072871 85.2971724481 183.224105358 238.168072871
4224 131072 4818.916 4931.927 14229.059 77.8193593828 224.515945998 229.781190625 77.8193593828 224.515945998 229.781190625
4608 131072 4824.877 4955.053 14152.05 85.3558001844 243.783376686 250.360693547 85.3558001844 243.783376686 250.360693547
5056 131072 5710.84 6829.023 22350.073 59.3018225936 194.083409003 232.08495843 59.3018225936 194.083409003 232.08495843
5504 131072 5917.788 6337.166 7747.889 186.223702482 227.679151217 243.814171106 186.223702482 227.679151217 243.814171106
6016 131072 6411.076 6468.058 6520.987 241.843497618 243.822535914 245.989644172 241.843497618 243.822535914 245.989644172
6592 131072 7206.202 7516.146 34727.097 49.7609474239 229.912144868 239.800833782 49.7609474239 229.912144868 239.800833782
7232 131072 7497.072 7565.022 8552.074 221.680192197 250.604083901 252.87544364 221.680192197 250.604083901 252.87544364
7936 131072 8229.017 9311.914 37932.873 54.8435860368 223.410008297 252.809634978 54.8435860368 223.410008297 252.809634978
8704 65536 4604.101 4644.871 17401.934 65.5588446663 245.61515013 247.790108862 65.5588446663 245.61515013 247.790108862
9536 65536 4888.058 4927.874 14630.079 85.4337554842 253.639316265 255.705352105 85.4337554842 253.639316265 255.705352105
10432 65536 11140.823 27346.849 27395.01 49.9121228282 50.000023915 122.732683573 49.9121228282 50.000023915 122.732683573
11456 65536 7802.01 24226.904 24817.944 60.5030308715 61.9790639365 192.458203976 60.5030308715 61.9790639365 192.458203976
12544 65536 12541.056 18922.091 25003.195 65.7582828115 86.8914100455 131.102769017 65.7582828115 86.8914100455 131.102769017
13760 65536 14319.181 14377.832 21657.944 83.2743274246 125.439685204 125.953482954 83.2743274246 125.439685204 125.953482954
15104 65536 11651.039 15022.993 22843.122 86.6655393251 131.778766588 169.917162581 86.6655393251 131.778766588 169.917162581
16576 32768 4455.09 8497.953 8611.917 126.142035043 127.833695479 243.839010211 126.142035043 127.833695479 243.839010211
18176 32768 4666.09 4762.173 11129.141 107.0327293 250.1342005 255.284903635 107.0327293 250.1342005 255.284903635
19968 32768 5812.883 10318.995 15414.953 84.8930806341 126.816889435 225.124580694 84.8930806341 126.816889435 225.124580694
21952 32768 5704.88 10005.951 11321.068 127.076904052 143.779064279 252.178182889 127.076904052 143.779064279 252.178182889
24128 32768 6273.031 6866.217 12215.137 129.450255695 230.294586961 252.071543724 129.450255695 230.294586961 252.071543724
26496 32768 6839.991 13608.932 13659.0 127.128036899 127.595747851 253.866102455 127.128036899 127.595747851 253.866102455
29120 32768 10290.861 14679.193 14714.956 129.691744916 130.007713639 185.446904783 129.691744916 130.007713639 185.446904783
32000 32768 16580.105 24080.038 24109.125 86.9858196845 87.0908924645 126.486050601 86.9858196845 87.0908924645 126.486050601
35200 16384 5388.975 9698.153 19332.886 59.6617390699 118.933326789 214.035804583 59.6617390699 118.933326789 214.035804583
38720 16384 5486.965 10502.1 24837.971 51.0821499872 120.811738605 231.234746349 51.0821499872 120.811738605 231.234746349
42560 16384 5703.926 11374.95 22284.985 62.5805258563 122.603271223 244.499329059 62.5805258563 122.603271223 244.499329059
46784 16384 6361.008 12475.967 24616.957 62.2748827973 122.877698538 241.002387043 62.2748827973 122.877698538 241.002387043
51456 16384 13581.991 17280.102 26801.109 62.9119566657 97.5752462572 124.143080937 62.9119566657 97.5752462572 124.143080937
56576 16384 14719.009 14827.013 29286.861 63.3008217576 125.034109567 125.951575137 63.3008217576 125.034109567 125.951575137
62208 16384 17237.186 17888.069 31896.114 63.9084668433 113.954823408 118.257802869 63.9084668433 113.954823408 118.257802869
68416 8192 4516.125 9166.002 17990.112 62.3079914122 122.291893892 248.205650641 62.3079914122 122.291893892 248.205650641
75200 8192 9890.079 9896.04 19880.056 61.9755195861 124.502002821 124.577043318 61.9755195861 124.502002821 124.577043318
82688 8192 5522.966 11303.902 21667.957 62.5236699519 119.848897487 245.295768976 62.5236699519 119.848897487 245.295768976
90944 8192 11794.09 11911.869 23842.096 62.4956168283 125.087548898 126.336707283 62.4956168283 125.087548898 126.336707283
100032 8192 13255.835 13329.029 26679.039 61.4311590459 122.959015844 123.63795174 61.4311590459 122.959015844 123.63795174
110016 8192 14518.976 14586.926 29063.94 62.0185062314 123.569705091 124.148021458 62.0185062314 123.569705091 124.148021458
120960 8192 8196.115 15946.865 35014.153 56.6002164896 124.275752005 241.798539918 56.6002164896 124.275752005 241.798539918
133056 4096 4613.161 8880.138 22100.925 49.3189652469 122.745249229 236.27936506 49.3189652469 122.745249229 236.27936506
146304 4096 5053.043 9658.098 19429.922 61.6843633237 124.095072135 237.188238454 61.6843633237 124.095072135 237.188238454
160896 4096 5249.023 5360.842 21066.904 62.5654359084 245.868099078 251.105783305 62.5654359084 245.868099078 251.105783305
176960 4096 5945.921 11691.093 17766.953 81.592849376 123.996645994 243.806858517 81.592849376 123.996645994 243.806858517
194624 4096 6398.201 6505.966 20256.996 78.7066259973 245.061195832 249.188765405 78.7066259973 245.061195832 249.188765405
214080 4096 7022.858 14574.051 21522.999 81.4822952879 120.333280019 249.719325095 81.4822952879 120.333280019 249.719325095
235456 4096 8272.886 15653.133 23568.153 81.8416085469 123.224887439 233.153889948 81.8416085469 123.224887439 233.153889948
258944 4096 8697.987 9835.958 25626.183 82.7774174562 215.6647322 243.880480392 82.7774174562 215.6647322 243.880480392
284800 2048 5164.146 10427.952 15657.187 74.5051330102 111.866721289 225.892296616 74.5051330102 111.866721289 225.892296616
313280 2048 5771.875 11390.924 17256.021 74.3621533608 112.650640106 222.318549865 74.3621533608 112.650640106 222.318549865
344576 2048 6941.795 6947.041 14269.829 98.9068121279 203.163231079 203.316764036 98.9068121279 203.163231079 203.316764036
379008 2048 7272.005 7564.068 7609.844 204.001129064 205.235696982 213.478506684 204.001129064 205.235696982 213.478506684
416896 2048 7953.882 9413.004 17101.049 99.8538753968 181.409252137 214.68837682 99.8538753968 181.409252137 214.68837682
458560 2048 8234.978 17814.875 18994.093 98.8866254367 105.432216617 228.08339743 98.8866254367 105.432216617 228.08339743
504384 2048 11698.008 14852.047 19407.034 106.454024041 139.102499743 176.607578316 106.454024041 139.102499743 176.607578316
554816 1024 10200.977 14887.094 25075.912 45.3129348994 76.3253841213 111.387680611 45.3129348994 76.3253841213 111.387680611
610240 1024 11340.857 16503.811 16956.091 73.7063465866 75.7262380186 110.200800522 73.7063465866 75.7262380186 110.200800522
671232 1024 12989.044 13050.079 19144.058 71.8073010435 105.339066223 105.834050297 71.8073010435 105.339066223 105.834050297
738304 1024 14107.943 14491.081 24449.11 61.8446475966 104.343257208 107.17697059 61.8446475966 104.343257208 107.17697059
812096 1024 8207.083 16654.968 17000.914 97.8284231071 99.8604505274 202.650881927 97.8284231071 99.8604505274 202.650881927
893248 1024 9403.944 9927.034 16056.061 113.936531756 184.281821136 194.532411507 113.936531756 184.281821136 194.532411507
982528 1024 9387.97 9943.008 22022.009 91.3730143331 202.375110631 214.339984469 91.3730143331 202.375110631 214.339984469
1080768 512 4967.928 9899.139 9997.845 110.694497864 111.798251545 222.770223723 110.694497864 111.798251545 222.770223723
1188800 512 5343.914 10899.067 11326.79 107.473626685 111.691321835 227.797677882 107.473626685 111.691321835 227.797677882
1307648 512 6302.118 6522.894 17894.03 74.8311896202 205.281820002 212.473259307 74.8311896202 205.281820002 212.473259307
1438400 512 6981.85 7050.991 7250.071 203.159610437 208.895685727 210.964371907 203.159610437 208.895685727 210.964371907
1582208 512 7624.149 7772.923 10087.967 160.605302535 208.439089388 212.506470165 160.605302535 208.439089388 212.506470165
1740416 512 9075.88 19398.928 28361.082 62.839139353 91.8703334535 196.365089005 62.839139353 91.8703334535 196.365089005
1914432 512 9871.006 10636.091 41258.097 47.5149973107 184.313801753 198.599653166 47.5149973107 184.313801753 198.599653166
2105856 256 5918.98 7892.132 23070.812 46.734300986 136.616857397 182.159472071 46.734300986 136.616857397 182.159472071
2316416 256 6135.941 6427.05 23942.947 49.534628799 184.533338312 193.288200131 49.534628799 184.533338312 193.288200131
2548032 256 6433.964 6711.006 26834.965 48.615393536 194.395949579 202.766503512 48.615393536 194.395949579 202.766503512
2802816 256 7730.007 15047.073 30987.978 46.3096298829 95.3701621571 185.64560058 46.3096298829 95.3701621571 185.64560058
3083072 256 9135.008 24230.957 32258.034 48.9345650761 65.1452959122 172.800381127 48.9345650761 65.1452959122 172.800381127
3391360 256 11960.983 26736.975 26838.064 64.6982703372 64.9428860221 145.170034938 64.6982703372 64.9428860221 145.170034938
3730496 256 31754.971 36378.145 41321.993 46.222696761 52.5044350667 60.1485024817 46.222696761 52.5044350667 60.1485024817
4103488 256 12458.086 24867.058 46919.823 44.7782135922 84.488718207 168.644353234 44.7782135922 84.488718207 168.644353234
4513792 128 15578.032 25743.008 28140.068 41.0635380128 44.8871690519 74.1769404505 41.0635380128 44.8871690519 74.1769404505
4965120 128 25785.208 26374.102 27194.977 46.7391724582 48.1938956633 49.2945691964 46.7391724582 48.1938956633 49.2945691964
5461632 128 30603.17 30717.85 34260.035 40.810752003 45.5167855823 45.6873517351 40.810752003 45.5167855823 45.6873517351
6007744 128 24012.089 32094.955 32285.929 47.6363081886 47.9197576068 64.0503399767 47.6363081886 47.9197576068 64.0503399767
6608512 128 37046.194 37343.025 37639.856 44.9464809855 45.3037500845 45.6667443895 44.9464809855 45.3037500845 45.6667443895
7269312 128 26602.983 38969.994 39170.027 47.5093844587 47.7532501545 69.9524512721 47.5093844587 47.7532501545 69.9524512721
7996224 128 26839.972 42632.818 50779.104 40.3125140609 48.0154359958 76.2680879101 40.3125140609 48.0154359958 76.2680879101
8795840 64 12714.148 21532.774 25690.794 43.823772827 52.2862274967 88.5523371287 43.823772827 52.2862274967 88.5523371287
9675392 64 13074.875 21536.112 26042.223 47.5554708214 57.5057455125 94.7198482586 47.5554708214 57.5057455125 94.7198482586
10642880 64 7818.937 23967.981 38023.949 35.8271214807 56.8378554706 174.229392052 35.8271214807 56.8378554706 174.229392052
11707136 64 12704.134 13777.971 35272.837 42.4834953877 108.761544643 117.954786056 42.4834953877 108.761544643 117.954786056
12877824 64 10938.883 40969.849 44450.998 37.0826650956 40.2335256837 150.688280696 37.0826650956 40.2335256837 150.688280696
14165568 64 13548.136 30671.12 52665.949 34.428178708 59.1172641886 133.833370436 34.428178708 59.1172641886 133.833370436
15582080 64 15806.913 50551.891 62353.134 31.9872653073 39.4546316774 126.179364687 31.9872653073 39.4546316774 126.179364687
17140288 32 23326.874 28483.152 38869.143 28.2223467597 38.5132387034 47.0263796169 28.2223467597 38.5132387034 47.0263796169
18854272 32 31731.844 45022.011 48527.002 24.866020118 26.8018549416 38.0272072433 24.866020118 26.8018549416 38.0272072433
20739648 32 47032.833 53884.983 56648.016 23.4313143818 24.6327900298 28.2215079836 23.4313143818 24.6327900298 28.2215079836
22813568 32 38100.004 63277.96 64399.004 22.6722194648 23.0738846828 38.3219999662 22.6722194648 23.0738846828 38.3219999662
25094912 32 45012.951 73385.954 79544.783 20.1908196544 21.8853102053 35.6802727286 20.1908196544 21.8853102053 35.6802727286
27604352 32 56526.899 77985.048 83615.065 21.1287108131 22.6540673284 31.2537669544 21.1287108131 22.6540673284 31.2537669544
30364736 32 66132.784 85921.049 92694.998 20.9649187759 22.6177767453 29.3854724761 20.9649187759 22.6177767453 29.3854724761
33401152 32 74002.028 96219.063 101034.88 21.15777965 22.216738153 28.8866911593 21.15777965 22.216738153 28.8866911593
36741248 16 15044.928 52851.2 57334.9 20.5061827264 22.2458512957 78.1472623864 20.5061827264 22.2458512957 78.1472623864
40415360 16 36933.899 53400.993 60044.05 21.5390454175 24.218491967 35.0163821047 21.5390454175 24.218491967 35.0163821047
44456896 16 41387.796 59617.996 63611.984 22.3640355566 23.8622692383 34.3729507123 22.3640355566 23.8622692383 34.3729507123
48902528 16 64123.869 71089.983 71650.982 21.8403272686 22.0126778762 24.4040311417 21.8403272686 22.0126778762 24.4040311417
53792768 16 68495.989 76514.006 80827.951 21.2966994054 22.4974310716 25.1309397985 21.2966994054 22.4974310716 25.1309397985
59172032 16 43850.899 65510.035 85234.165 22.2153290761 28.9040453726 43.1805291837 22.2153290761 28.9040453726 43.1805291837
65089216 16 67589.045 69468.021 94702.959 21.9935568434 29.9829314556 30.8164571936 21.9935568434 29.9829314556 30.8164571936
71598080 8 27673.006 51718.95 51913.023 22.0670886379 22.1498943811 41.3966332389 22.0670886379 22.1498943811 41.3966332389
78757888 8 37420.988 39366.007 58053.97 21.7061160158 32.0105162812 33.6743168833 21.7061160158 32.0105162812 33.6743168833
86633664 8 37354.946 49440.861 63689.947 21.7638526846 28.0362962126 37.107231369 21.7638526846 28.0362962126 37.107231369
95297024 8 27872.086 40970.087 69268.942 22.0120639925 37.216234957 54.705355889 22.0120639925 37.216234957 54.705355889
104826688 8 50419.092 52086.83 78583.956 21.3431226089 32.2005967343 33.2657122822 21.3431226089 32.2005967343 33.2657122822
115309312 8 72549.105 83908.796 85130.93 21.6718998841 21.9875517222 25.4303480656 21.6718998841 21.9875517222 25.4303480656
126840192 8 62433.958 76229.095 94885.111 21.3884249132 26.6229458975 32.5054367368 21.3884249132 26.6229458975 32.5054367368
139524160 4 12974.977 51143.885 56128.979 19.886220984 21.8245696431 86.0266095269 19.886220984 21.8245696431 86.0266095269
153476544 4 27150.869 56326.866 59110.165 20.7715940566 21.7979880507 45.2218436176 20.7715940566 21.7979880507 45.2218436176
168824192 4 34193.039 61902.046 66080.093 20.4387353995 21.8182374133 39.4990786283 20.4387353995 21.8182374133 39.4990786283
185706560 4 42123.079 45447.826 69211.006 21.4655524585 32.6891869371 35.2693230236 21.4655524585 32.6891869371 35.2693230236
204277184 4 50410.986 77207.088 77862.978 20.9883761703 21.1666767176 32.4178835145 20.9883761703 21.1666767176 32.4178835145
224704896 4 67437.172 82453.966 84149.122 21.3625421784 21.8017307742 26.6565028557 21.3625421784 21.8017307742 26.6565028557
247175360 4 80891.848 90610.027 92638.969 21.3452600061 21.8232236042 24.4450204673 21.3452600061 21.8232236042 24.4450204673
271892864 2 32521.963 49664.021 52381.992 20.762315721 21.8985783692 33.441138101 20.762315721 21.8985783692 33.441138101
299082112 2 23093.939 54955.006 55837.87 21.4250373089 21.7692351448 51.8027023454 21.4250373089 21.7692351448 51.8027023454
328990272 2 42223.93 60224.056 64718.008 20.3337699764 21.8510870141 31.1662388603 20.3337699764 21.8510870141 31.1662388603
361889280 2 51015.139 56527.853 56840.181 25.4671448003 25.6078560068 28.3750500023 25.4671448003 25.6078560068 28.3750500023
398078208 2 47621.965 61326.027 76861.143 20.7167467182 25.9647153076 33.4365209835 20.7167467182 25.9647153076 33.4365209835
437886016 2 79812.05 81647.158 91197.014 19.2061558507 21.4526029675 21.9458598545 19.2061558507 21.4526029675 21.9458598545
481674560 2 88876.963 90542.793 98249.912 19.6101777679 21.2794213229 21.6782636913 19.6101777679 21.2794213229 21.6782636913
529841984 2 81202.984 105330.944 131426.096 16.1259293284 20.1210380873 26.0996312155 16.1259293284 20.1210380873 26.0996312155
582826176 1 18578.053 19383.907 61683.178 18.8974107657 60.1350569831 62.743515265 18.8974107657 60.1350569831 62.743515265
641108736 1 28347.969 34507.036 69314.003 18.4986787158 37.1581457185 45.2313699087 18.4986787158 37.1581457185 45.2313699087
705219584 1 16000.032 56087.017 75511.932 18.6783615601 25.1473378946 88.1522716955 18.6783615601 25.1473378946 88.1522716955
775741504 1 38937.092 60832.024 77224.016 20.0906801843 25.5043792066 39.8458880288 20.0906801843 25.5043792066 39.8458880288
853315648 1 71187.973 78473.091 85141.897 20.0445533413 21.74798105 23.973590258 20.0445533413 21.74798105 23.973590258
938647168 1 70319.176 86155.176 92893.839 20.2090295353 21.7896872035 26.6967624308 20.2090295353 21.7896872035 26.6967624308
1032511872 1 48558.95 88142.872 103088.14 20.0316325816 23.4281422552 42.52612019 20.0316325816 23.4281422552 42.52612019

META_DATA
ERT_VERSION  1.1.0
OPENMP_THREADS 8
HOSTNAME  ('c4ba798bf1f2', [], ['172.17.0.9'])
UNAME  ('Linux', 'c4ba798bf1f2', '4.9.12-moby', '#1 SMP Tue Feb 28 12:11:36 UTC 2017', 'x86_64', 'x86_64')
TIMESTAMP_DATA  1494194959.95
TIMESTAMP_DATA  1494194922.22
CONFIG  {'ERT_WORKING_SET_MIN': ['1'], 'ERT_CFLAGS': ['-Ofast', '-march=native'], 'ERT_CC': ['cc'], 'ERT_MPI_CFLAGS': [], 'ERT_MPI_LDFLAGS': [], 'ERT_MEMORY_MAX': ['1073741824', '#', '1GB'], 'ERT_LDFLAGS': [], 'ERT_LDLIBS': [], 'ERT_RUN': ['export', 'OMP_NUM_THREADS=ERT_OPENMP_THREADS', ';', './ERT_CODE'], 'ERT_FLOPS': ['1,4,16,32,64'], 'ERT_OPENMP_CFLAGS': ['-fopenmp'], 'ERT_MPI': ['False'], 'ERT_TRIALS_MIN': ['1'], 'ERT_DRIVER': ['driver1'], 'ERT_RESULTS': ['Results'], 'ERT_OPENMP': ['True'], 'ERT_OPENMP_THREADS': ['1,2,4,8', '#', ',16'], 'ERT_KERNEL': ['kernel1'], 'ERT_GPU': [False], 'ERT_LD': ['cc'], 'ERT_NUM_EXPERIMENTS': ['3'], 'ERT_OPENMP_LDFLAGS': ['-fopenmp'], 'ERT_ALIGN': ['64'], 'ERT_GNUPLOT': ['gnuplot']}
FLOPS          16
TIMESTAMP_DATA  1494194940.82
