16 67108864 1022720.098 1026602.983 1034512.997 2.07584018203 2.0918346075 2.09977651969 2.07584018203 2.0918346075 2.09977651969
32 33554432 501125.813 502744.198 509060.144 4.218526383 4.2715234836 4.28531836176 4.218526383 4.2715234836 4.28531836176
48 16777216 250408.888 252806.902 261264.086 6.16469244074 6.3709207433 6.43193118608 6.16469244074 6.3709207433 6.43193118608
64 16777216 256045.103 259855.032 273936.987 7.83933440868 8.26416033383 8.38713032524 7.83933440868 8.26416033383 8.38713032524
80 8388608 127686.024 127712.965 127835.989 10.499213019 10.5093267547 10.5115441609 10.499213019 10.5093267547 10.5115441609
96 8388608 133331.06 134210.11 135952.95 11.8468391896 12.0006811409 12.0798014806 11.8468391896 12.0006811409 12.0798014806
112 8388608 127878.904 127898.932 127905.846 14.6908702828 14.6916644464 14.6939654097 14.6908702828 14.6916644464 14.6939654097
128 8388608 130437.851 131137.133 131340.027 16.3505649957 16.3758624188 16.4636540048 16.3505649957 16.3758624188 16.4636540048
144 4194304 65226.078 65284.014 65517.902 18.4370914685 18.5031446136 18.5195797301 18.4370914685 18.5031446136 18.5195797301
160 4194304 65279.007 65281.868 65338.135 20.5420200623 20.5597254049 20.5606264813 20.5420200623 20.5597254049 20.5606264813
176 4194304 65274.0 66149.95 71539.879 20.6373707733 22.3189134383 22.6184239973 20.6373707733 22.3189134383 22.6184239973
192 4194304 65234.9 65268.993 65989.017 24.4072848668 24.6765372342 24.689433662 24.4072848668 24.6765372342 24.689433662
208 4194304 65312.147 65378.189 65466.881 26.6521092398 26.6882654703 26.715251973 26.6521092398 26.6882654703 26.715251973
224 4194304 65281.153 68660.021 83864.927 22.4056498851 27.3674281574 28.783930823 22.4056498851 27.3674281574 28.783930823
240 4194304 66166.878 66174.984 66304.922 30.3637476566 30.4233684439 30.4270955628 30.3637476566 30.4233684439 30.4270955628
256 4194304 65253.019 65796.852 67158.937 31.9761411352 32.6380910746 32.910104098 31.9761411352 32.6380910746 32.910104098
272 2097152 32804.966 32836.914 32974.958 34.5974872205 34.7429325423 34.7767678833 34.5974872205 34.7429325423 34.7767678833
288 2097152 32968.998 33078.194 33129.215 36.462063831 36.5183042339 36.6392558245 36.462063831 36.5183042339 36.6392558245
304 2097152 33524.036 33699.989 33858.061 37.6592273255 37.8358703915 38.0344543241 37.6592273255 37.8358703915 38.0344543241
320 2097152 32866.955 32902.002 36716.223 36.5554289176 40.7931796977 40.836678664 36.5554289176 40.7931796977 40.836678664
352 2097152 33653.021 33781.052 34125.09 43.2642084753 43.704826244 43.8710987641 43.2642084753 43.704826244 43.8710987641
384 2097152 33345.938 33363.104 33642.054 47.8749821875 48.275266474 48.3001178734 47.8749821875 48.275266474 48.3001178734
416 2097152 34780.025 35278.082 35650.969 48.9420207344 49.4593346656 50.1676023522 48.9420207344 49.4593346656 50.1676023522
448 2097152 33830.881 33838.987 33926.964 55.3850969984 55.5290911043 55.542396073 55.3850969984 55.5290911043 55.542396073
480 2097152 37511.826 37638.187 37877.083 53.1526126233 53.489981332 53.6701657765 53.1526126233 53.489981332 53.6701657765
528 1048576 19058.943 19160.032 19161.94 57.7862291605 57.791983646 58.098513438 57.7862291605 57.791983646 58.098513438
576 1048576 18793.106 18850.088 18970.013 63.6773180915 64.0824356894 64.2767380762 63.6773180915 64.0824356894 64.2767380762
624 1048576 24842.024 24932.146 24944.782 52.4607851053 52.4873730484 52.6777869629 52.4607851053 52.4873730484 52.6777869629
672 1048576 25465.012 25478.125 28351.068 49.708397017 55.3135736637 55.3420569368 49.708397017 55.3135736637 55.3420569368
736 1048576 27094.841 27570.963 27838.945 55.444050484 55.9829510489 56.9667071307 55.444050484 55.9829510489 56.9667071307
800 1048576 29305.935 29834.986 29983.044 55.9556794834 56.2333630725 57.248526621 55.9556794834 56.2333630725 57.248526621
880 1048576 32900.81 33470.869 40268.183 45.8300728394 55.1373123895 56.0926542538 45.8300728394 55.1373123895 56.0926542538
960 1048576 31233.072 31270.027 31278.849 64.3650896489 64.3832485338 64.4594268537 64.3650896489 64.3832485338 64.4594268537
1056 524288 18663.883 18683.91 18731.117 59.1153349798 59.2646965223 59.3282896169 59.1153349798 59.2646965223 59.3282896169
1152 524288 18546.82 18572.092 18679.857 64.6664239453 65.041652389 65.130278506 64.6664239453 65.041652389 65.130278506
1264 524288 22474.051 22503.853 22577.047 58.7056431251 58.8965837983 58.9746843593 58.7056431251 58.8965837983 58.9746843593
1376 524288 23468.971 23525.0 23620.129 61.085211516 61.3322242721 61.4786466778 61.085211516 61.3322242721 61.4786466778
1504 524288 25484.085 25671.005 25923.014 60.8362246767 61.4334461779 61.8840466118 60.8362246767 61.4334461779 61.8840466118
1648 524288 28548.002 29153.824 29247.999 59.0827853899 59.2736393003 60.5314952689 59.0827853899 59.2736393003 60.5314952689
1808 524288 29721.975 29723.883 30045.986 63.0974602731 63.7812162025 63.785310633 63.0974602731 63.7812162025 63.785310633
1984 524288 31702.042 31707.048 32083.035 64.8434533703 65.6123769075 65.6227376142 64.8434533703 65.6123769075 65.6227376142
2176 262144 17302.99 17315.149 18046.141 63.2185400746 65.8874311737 65.933730991 63.2185400746 65.8874311737 65.933730991
2384 262144 19289.017 19313.812 19356.012 64.5743860874 64.7154788501 64.7986671379 64.5743860874 64.7154788501 64.7986671379
2608 262144 21842.957 22017.002 22392.988 61.0612171989 62.1039642 62.5988094927 61.0612171989 62.1039642 62.5988094927
2864 262144 23895.025 23911.953 24084.091 62.3465852209 62.7954074684 62.8398937436 62.3465852209 62.7954074684 62.8398937436
3136 262144 24896.86 25014.877 25040.15 65.6612347769 65.7275735555 66.0391377869 65.6612347769 65.7275735555 66.0391377869
3440 262144 28368.95 28390.884 28451.92 63.3894204679 63.5256978966 63.5748140132 63.3894204679 63.5256978966 63.5748140132
3776 262144 29845.953 29933.929 29958.963 66.0807748252 66.1360387405 66.3309859129 66.0807748252 66.1360387405 66.3309859129
4144 131072 17078.876 17266.989 18275.976 59.4400395361 62.9133855358 63.6063366231 59.4400395361 62.9133855358 63.6063366231
4544 131072 18338.203 18548.012 18811.941 63.3205439035 64.2215637989 64.9563283818 63.3205439035 64.2215637989 64.9563283818
4992 131072 19994.02 20035.982 20092.01 65.1315049117 65.3136366363 65.4507121629 65.1315049117 65.3136366363 65.4507121629
5488 131072 22116.184 22123.098 22367.954 64.3172939286 65.029150619 65.0494801454 64.3172939286 65.029150619 65.0494801454
6032 131072 24163.961 24232.149 25004.148 63.2396116036 65.2543283718 65.4384688007 63.2396116036 65.2543283718 65.4384688007
6624 131072 26643.991 26650.906 26833.057 64.7127852782 65.1550778799 65.1719877852 64.7127852782 65.1550778799 65.1719877852
7280 131072 29139.996 29170.036 29187.202 65.3851068013 65.4235846675 65.4910288938 65.3851068013 65.4235846675 65.4910288938
8000 131072 31741.142 31840.086 31913.042 65.7145752511 65.8651487311 66.0704646355 65.7145752511 65.8651487311 66.0704646355
8800 65536 18709.898 18718.004 18732.071 61.5753378257 61.6216130737 61.6483104291 61.5753378257 61.6216130737 61.6483104291
9680 65536 20267.963 20319.939 20779.848 61.0580481628 62.4399984665 62.6001221731 61.0580481628 62.4399984665 62.6001221731
10640 65536 22186.041 22330.999 22408.009 62.2369475128 62.4515759461 62.8596188027 62.2369475128 62.4515759461 62.8596188027
11696 65536 24439.096 24497.986 24952.888 61.4365003362 62.5773119472 62.7281022179 61.4365003362 62.5773119472 62.7281022179
12864 65536 26551.008 26674.032 26886.94 62.7111232442 63.2116737357 63.5045647984 62.7111232442 63.2116737357 63.5045647984
14144 65536 28997.898 29012.918 29331.923 63.2035740718 63.8985147237 63.9316121465 63.2035740718 63.8985147237 63.9316121465
15552 65536 31686.783 31752.11 31870.127 63.9605780046 64.1983082069 64.3306625352 63.9605780046 64.1983082069 64.3306625352
17104 32768 17844.915 17850.161 18019.915 62.2049407003 62.7965060931 62.8149668407 62.2049407003 62.7965060931 62.8149668407
18800 32768 19551.039 19805.908 19813.061 62.1850808414 62.2075392858 63.0184820357 62.1850808414 62.2075392858 63.0184820357
20672 32768 21454.096 21529.913 21532.774 62.9161942628 62.924554874 63.1469250441 62.9161942628 62.924554874 63.1469250441
22736 32768 23526.907 23530.96 23582.935 63.1824026992 63.3219594951 63.3328680221 63.1824026992 63.3219594951 63.3328680221
25008 32768 26396.036 26412.01 26431.084 62.0074563722 62.0522363879 62.0897883303 62.0074563722 62.0522363879 62.0897883303
27504 32768 28738.022 28802.156 28805.017 62.5759791775 62.5821950273 62.7218583102 62.5759791775 62.5821950273 62.7218583102
30240 32768 31383.991 31914.949 32049.894 61.8351074734 62.0965629618 63.1471198166 61.8351074734 62.0965629618 63.1471198166
33264 16384 17567.158 17606.974 17643.213 61.779832959 61.9069893555 62.0473016751 61.779832959 61.9069893555 62.0473016751
36576 16384 19181.967 19253.016 19316.196 62.0475360677 62.2511490148 62.4817240067 62.0475360677 62.2511490148 62.4817240067
40224 16384 20978.928 21389.961 21696.091 60.751037226 61.6204972043 62.8278066448 60.751037226 61.6204972043 62.8278066448
44240 16384 23025.036 23092.985 23597.002 61.4339194445 62.7747482623 62.960002321 61.4339194445 62.7747482623 62.960002321
48656 16384 25194.883 25252.104 25656.939 62.1414662131 63.1377016347 63.2810959273 62.1414662131 63.1377016347 63.2810959273
53520 16384 27889.967 28005.838 28044.939 62.533327671 62.6206350262 62.8807972415 62.533327671 62.6206350262 62.8807972415
58864 16384 30675.173 30902.863 31003.952 62.2132156572 62.4167266314 62.8800219643 62.2132156572 62.4167266314 62.8800219643
64736 16384 33581.018 33670.902 33763.885 62.8265748447 63.0000719315 63.1686998887 62.8265748447 63.0000719315 63.1686998887
71200 8192 20521.879 20536.9 20559.072 56.7409268278 56.8021853347 56.8437617238 56.7409268278 56.8021853347 56.8437617238
78320 8192 22527.933 22925.854 23171.186 55.3789037816 55.9715193161 56.9601694039 55.3789037816 55.9715193161 56.9601694039
86144 8192 25876.999 25979.996 26592.97 53.0735489868 54.325770335 54.5420006393 53.0735489868 54.325770335 54.5420006393
94752 8192 28439.999 28673.887 28811.932 53.8810367871 54.1404368372 54.585682932 53.8810367871 54.1404368372 54.585682932
104224 8192 31410.933 31455.04 31497.002 54.2148746728 54.287198999 54.3634286826 54.2148746728 54.287198999 54.3634286826
114640 8192 32638.073 32666.922 32824.993 57.220477092 57.4973595615 57.5481818427 57.220477092 57.4973595615 57.5481818427
126096 8192 37955.999 38016.081 58493.853 35.319213183 54.34428825 54.4303118988 35.319213183 54.34428825 54.4303118988
138704 4096 19757.986 19784.212 19901.991 57.0929394953 57.4328241125 57.5090582613 57.0929394953 57.4328241125 57.5090582613
152560 4096 21793.127 21888.971 21957.159 56.9186350566 57.0959466299 57.3470489113 56.9186350566 57.0959466299 57.3470489113
167808 4096 25254.011 25298.119 25619.984 53.6566742587 54.3393418301 54.4342495139 53.6566742587 54.3393418301 54.4342495139
184576 4096 28126.955 28274.059 28311.014 53.4084223193 53.4782286477 53.7579198317 53.4084223193 53.4782286477 53.7579198317
203024 4096 30495.882 30558.109 31132.936 53.4216434968 54.4265552558 54.5376129144 53.4216434968 54.4265552558 54.5376129144
223312 4096 31908.035 32496.929 37873.983 48.3015452587 56.2936855972 57.3326406342 48.3015452587 56.2936855972 57.3326406342
245632 4096 36992.073 37116.051 39063.931 51.5108769775 54.2142089416 54.395906496 51.5108769775 54.2142089416 54.395906496
270192 2048 19263.983 19319.057 19319.057 57.2857377045 57.2857377045 57.4495124918 57.2857377045 57.2857377045 57.4495124918
297200 2048 21238.089 21306.992 21351.099 57.0149199346 57.1329449037 57.3183020374 57.0149199346 57.1329449037 57.3183020374
326912 2048 24586.916 24657.965 24661.064 54.2973957652 54.3042198332 54.4611431544 54.2973957652 54.3042198332 54.4611431544
359600 2048 27894.974 28659.105 35757.065 41.1924636432 51.3945428512 52.8024008913 41.1924636432 51.3945428512 52.8024008913
395552 2048 29848.099 30488.014 30797.958 52.6067667214 53.1415720289 54.2808770502 52.6067667214 53.1415720289 54.2808770502
435104 2048 32943.01 34401.894 34917.831 51.0394240696 51.8048798127 54.0990633218 51.0394240696 51.8048798127 54.0990633218
478608 2048 37209.988 37703.991 38666.01 50.7003015827 51.9939220227 52.6841978019 50.7003015827 51.9939220227 52.6841978019
526464 1024 20902.872 21286.964 21623.135 49.863179969 50.6506363237 51.5813459509 49.863179969 50.6506363237 51.5813459509
579104 1024 23998.022 24084.091 24913.073 47.6057286068 49.2443327838 49.4209477764 47.6057286068 49.2443327838 49.4209477764
637008 1024 25614.977 25826.931 26006.937 50.1632462139 50.5128690668 50.9308434671 50.1632462139 50.5128690668 50.9308434671
700704 1024 29737.949 30484.2 30511.856 47.0322681124 47.0749369181 48.2562463201 47.0322681124 47.0749369181 48.2562463201
770768 1024 31800.032 31951.904 32027.96 49.2860882804 49.4034053182 49.6393482874 49.2860882804 49.4034053182 49.6393482874
847840 1024 35146.952 35287.142 35336.971 49.1376671758 49.2070545129 49.4033257848 49.1376671758 49.2070545129 49.4033257848
932624 1024 40968.18 41043.043 43339.014 44.0714676158 46.5368503987 46.6218892809 44.0714676158 46.5368503987 46.6218892809
1025872 1024 42611.122 42774.916 42781.115 49.1101238479 49.117240955 49.3060439948 49.1101238479 49.117240955 49.3060439948
1128448 512 24520.874 24527.073 24795.055 46.6032744029 47.1124602597 47.1243705261 46.6032744029 47.1124602597 47.1243705261
1241280 512 25785.923 25831.938 25851.011 49.1690912978 49.2053952746 49.2932023414 49.1690912978 49.2053952746 49.2932023414
1365408 512 29700.994 29835.939 30102.015 46.4479800439 46.8622017226 47.0751178227 46.4479800439 46.8622017226 47.0751178227
1501936 512 31275.034 31334.162 31431.198 48.9317163157 49.0832486281 49.1760445089 48.9317163157 49.0832486281 49.1760445089
1652128 512 36139.965 36143.064 36247.015 46.6736108339 46.8078487203 46.8118624907 46.6736108339 46.8078487203 46.8118624907
1817328 512 38502.932 38785.934 39031.982 47.6774116159 47.9798648654 48.3325236634 47.6774116159 47.9798648654 48.3325236634
1999056 512 42504.072 42584.896 42590.857 48.0627413532 48.0694691376 48.1608760685 48.0627413532 48.0694691376 48.1608760685
2198960 256 24603.128 25206.089 28922.081 38.9276110526 44.6664899104 45.7611536224 38.9276110526 44.6664899104 45.7611536224
2418848 256 27065.992 27432.919 27575.016 44.9120383466 45.1446736674 45.7566889106 44.9120383466 45.1446736674 45.7566889106
2660720 256 29342.89 29633.045 30687.094 44.3928851653 45.9719424717 46.4265326285 44.3928851653 45.9719424717 46.4265326285
2926784 256 33085.108 33147.097 35750.151 41.91628192 45.2079833115 45.2926860024 41.91628192 45.2079833115 45.2926860024
3219456 256 40050.983 41698.933 43210.03 38.1476585876 39.530063563 41.1565796525 38.1476585876 39.530063563 41.1565796525
3541392 256 48213.959 49846.172 52204.847 34.7322673697 36.3757663076 37.6072146243 34.7322673697 36.3757663076 37.6072146243
3895520 256 55871.01 56671.858 59890.032 33.3028080533 35.1939447618 35.6984103205 33.3028080533 35.1939447618 35.6984103205
4285072 128 33559.799 34587.145 36738.873 29.8587937632 31.7163625966 32.6872765835 29.8587937632 31.7163625966 32.6872765835
4713568 128 40080.07 40196.18 45432.091 26.559935531 30.0196040519 30.1065693748 26.559935531 30.0196040519 30.1065693748
5184912 128 47225.952 47738.075 53855.896 24.6460939393 27.8045872608 28.1061030173 24.6460939393 27.8045872608 28.1061030173
5703392 128 55301.905 55365.086 59445.143 24.5616088769 26.3716442525 26.4017731758 24.5616088769 26.3716442525 26.4017731758
6273728 128 64130.068 64639.091 69613.934 23.0711622762 24.8467969328 25.0440147358 23.0711622762 24.8467969328 25.0440147358
6901088 128 71450.949 71610.928 77661.037 22.7485827674 24.6705157626 24.7257531597 22.7485827674 24.6705157626 24.7257531597
7591184 128 80338.001 83598.137 87325.096 22.2541192969 23.2462489445 24.1895874905 22.2541192969 23.2462489445 24.1895874905
8350288 128 90526.819 91373.92 95730.066 22.330223067 23.3947906361 23.613706431 22.330223067 23.3947906361 23.613706431
9185312 64 49593.925 49676.895 49931.049 23.5468703251 23.6673394342 23.7069345893 23.5468703251 23.6673394342 23.7069345893
10103840 64 55221.081 55281.878 55341.959 23.3690954091 23.3944932189 23.4202499585 23.3690954091 23.3944932189 23.4202499585
11114224 64 60989.857 61110.973 62178.135 22.8797578441 23.2792999712 23.325528899 22.8797578441 23.2792999712 23.325528899
12225632 64 67833.9 69028.139 73979.855 21.1527975555 22.6701881098 23.0693045218 21.1527975555 22.6701881098 23.0693045218
13448192 64 75527.906 75654.984 77424.049 22.2329960553 22.7528774046 22.7911598132 22.2329960553 22.7528774046 22.7911598132
14793008 64 84077.835 84176.064 84375.143 22.441502991 22.494577841 22.5208584879 22.441502991 22.494577841 22.5208584879
16272304 64 94146.013 95001.221 96567.154 21.5689789512 21.9245067598 22.1236656299 21.5689789512 21.9245067598 22.1236656299
17899520 32 51710.844 52341.938 52375.078 21.8724119132 21.8862603062 22.1533665163 21.8724119132 21.8862603062 22.1533665163
19689472 32 56943.893 57038.069 58295.965 21.6160107822 22.0927221081 22.1292599015 21.6160107822 22.0927221081 22.1292599015
21658416 32 62733.889 64069.986 64830.065 21.3811080399 21.6347577164 22.0955315555 21.3811080399 21.6347577164 22.0955315555
23824256 32 69157.839 69677.114 70007.086 21.7799721588 21.8831162267 22.0474266699 21.7799721588 21.8831162267 22.0474266699
26206672 32 76145.887 76427.937 76703.072 21.8664906668 21.9452084386 22.0264951146 21.8664906668 21.9452084386 22.0264951146
28827328 32 83509.207 83840.132 84518.909 21.8288311317 22.005559247 22.0927614844 21.8288311317 22.005559247 22.0927614844
31710048 32 92926.979 93899.012 97296.953 20.8582387159 21.6130396771 21.8391159794 20.8582387159 21.6130396771 21.8391159794
34881040 16 50845.861 51224.947 51920.891 21.4979608112 21.7900328916 21.9524904889 21.4979608112 21.7900328916 21.9524904889
38369136 16 55773.973 55881.023 56318.045 21.8014022326 21.9719018387 22.0140736971 21.8014022326 21.9719018387 22.0140736971
42206048 16 61445.951 61653.852 62367.916 21.6552615932 21.9060689995 21.9801876937 21.6552615932 21.9060689995 21.9801876937
46426640 16 68141.937 68346.977 68423.033 21.7127539494 21.7369157381 21.8023224083 21.7127539494 21.7369157381 21.8023224083
51069296 16 74899.912 75294.018 80435.038 20.3172337906 21.7044795245 21.8186834719 20.3172337906 21.7044795245 21.8186834719
56176224 16 81770.897 82151.89 82426.071 21.8091090136 21.8818966673 21.9838504156 21.8091090136 21.8818966673 21.9838504156
61793840 16 90262.89 90868.95 91383.934 21.6384083443 21.7610402673 21.9071523192 21.6384083443 21.7610402673 21.9071523192
67973216 8 49417.019 49787.998 50501.108 21.5355959319 21.8440487605 22.0080344385 21.5355959319 21.8440487605 22.0080344385
74770528 8 54426.908 54744.005 54996.014 21.7530028267 21.8531407777 21.9804595183 21.7530028267 21.8531407777 21.9804595183
82247568 8 59988.976 60112.953 60153.008 21.8768957988 21.8914730075 21.9367153058 21.8768957988 21.8914730075 21.9367153058
90472320 8 66119.909 66166.162 67356.11 21.4911033312 21.8776044468 21.8929085338 21.4911033312 21.8776044468 21.8929085338
99519552 8 72917.938 73102.951 73372.841 21.7016652251 21.7817859637 21.8370523862 21.7016652251 21.7817859637 21.8370523862
109471504 8 79787.016 79838.991 79945.087 21.9093396446 21.9384544076 21.9527455946 21.9093396446 21.9384544076 21.9527455946
120418640 8 87574.005 87643.147 87962.151 21.9037190212 21.983444296 22.0008008084 21.9037190212 21.983444296 22.0008008084
132460496 8 96436.024 97240.925 98058.939 21.6132048502 21.7950203168 21.9769319399 21.6132048502 21.7950203168 21.9769319399
145706544 4 53125.858 53194.046 55004.12 21.192091647 21.9132109635 21.9413369663 21.192091647 21.9132109635 21.9413369663
160277184 4 58305.025 58385.849 58490.992 21.9216229398 21.9611000604 21.9915431303 21.9216229398 21.9611000604 21.9915431303
176304896 4 64131.975 64260.96 64452.887 21.8832582007 21.9486165162 21.9927605223 21.8832582007 21.9486165162 21.9927605223
193935376 4 70665.121 70666.075 71169.138 21.79994098 21.9551320489 21.9554284496 21.79994098 21.9551320489 21.9554284496
213328912 4 78102.112 78175.068 78786.135 21.661568955 21.8308898177 21.8512822803 21.661568955 21.8308898177 21.8512822803
234661792 4 85256.1 85523.129 85563.898 21.9402619549 21.9507209097 22.0194723427 21.9402619549 21.9507209097 22.0194723427
258127968 4 93757.868 95305.204 101041.079 20.4374672602 21.6674814945 22.0250714745 20.4374672602 21.6674814945 22.0250714745
283940752 2 51758.051 52249.908 53004.98 21.4274773427 21.7371293362 21.9436973776 21.4274773427 21.7371293362 21.9436973776
312334816 2 56931.973 58237.791 58299.065 21.4298336346 21.4523807059 21.9444224074 21.4298336346 21.4523807059 21.9444224074
343568288 2 62515.974 62588.93 62686.92 21.9228054593 21.9571280736 21.9827519923 21.9228054593 21.9571280736 21.9827519923
377925104 2 68690.062 68765.879 68877.22 21.9477559634 21.9832922662 22.0075564352 21.9477559634 21.9832922662 22.0075564352
415717600 2 75516.939 75604.916 77404.022 21.4829973564 21.9942100061 22.0198331927 21.4829973564 21.9942100061 22.0198331927
457289360 2 83383.083 84192.038 88347.912 20.7040256933 21.7260145193 21.9367931023 20.7040256933 21.7260145193 21.9367931023
503018288 2 91739.893 91943.026 91959.953 21.8798845189 21.8839126744 21.9323686371 21.8798845189 21.8839126744 21.9323686371
553320112 1 50271.034 50342.083 50992.966 21.7018210708 21.9824083163 22.0134764684 21.7018210708 21.9824083163 22.0134764684
608652112 1 55324.793 55389.881 55898.905 21.7768885455 21.9770146103 22.0028699249 21.7768885455 21.9770146103 22.0028699249
669517312 1 60823.202 60887.098 62597.036 21.3913422993 21.9920913951 22.0151945305 21.3913422993 21.9920913951 22.0151945305
736469040 1 66976.07 67751.884 82463.98 17.861593389 21.7401789152 21.9920052042 17.861593389 21.7401789152 21.9920052042
810115936 1 73951.96 74104.071 74275.97 21.8136750284 21.8642761475 21.9092485446 21.8136750284 21.8642761475 21.9092485446
891127520 1 80841.064 81122.875 81982.851 21.7393640043 21.969820966 22.046407504 21.7393640043 21.969820966 22.046407504
980240272 1 88981.152 89494.944 97042.084 20.202374714 21.9060480556 22.0325372277 20.202374714 21.9060480556 22.0325372277

META_DATA
ERT_VERSION  1.1.0
HOSTNAME  ('c4ba798bf1f2', [], ['172.17.0.9'])
UNAME  ('Linux', 'c4ba798bf1f2', '4.9.12-moby', '#1 SMP Tue Feb 28 12:11:36 UTC 2017', 'x86_64', 'x86_64')
OPENMP_THREADS 2
CONFIG  {'ERT_WORKING_SET_MIN': ['1'], 'ERT_CFLAGS': ['-Ofast', '-march=native'], 'ERT_CC': ['cc'], 'ERT_MPI_CFLAGS': [], 'ERT_MPI_LDFLAGS': [], 'ERT_MEMORY_MAX': ['1073741824', '#', '1GB'], 'ERT_LDFLAGS': [], 'ERT_LDLIBS': [], 'ERT_RUN': ['export', 'OMP_NUM_THREADS=ERT_OPENMP_THREADS', ';', './ERT_CODE'], 'ERT_FLOPS': ['1,4,16,32,64'], 'ERT_OPENMP_CFLAGS': ['-fopenmp'], 'ERT_MPI': ['False'], 'ERT_TRIALS_MIN': ['1'], 'ERT_DRIVER': ['driver1'], 'ERT_RESULTS': ['Results'], 'ERT_OPENMP': ['True'], 'ERT_OPENMP_THREADS': ['1,2,4,8', '#', ',16'], 'ERT_KERNEL': ['kernel1'], 'ERT_GPU': [False], 'ERT_LD': ['cc'], 'ERT_NUM_EXPERIMENTS': ['3'], 'ERT_OPENMP_LDFLAGS': ['-fopenmp'], 'ERT_ALIGN': ['64'], 'ERT_GNUPLOT': ['gnuplot']}
TIMESTAMP_DATA  1494194804.83
TIMESTAMP_DATA  1494194844.01
FLOPS          16
TIMESTAMP_DATA  1494194824.46
