16 67108864 196496.01 198467.016 201389.074 10.6633572783 10.8203553985 10.9288918793 0.666459829891 0.676272212406 0.683055742455
32 33554432 97934.008 100799.084 103200.197 20.8089103551 21.3045948711 21.9278644044 1.30055689719 1.33153717945 1.37049152527
48 16777216 48975.945 49113.989 49487.114 32.5461035372 32.7933602787 32.8857919127 2.03413147107 2.04958501742 2.05536199455
64 16777216 49147.844 49650.908 49997.091 42.9521719174 43.2516490534 43.6943612013 2.68451074484 2.70322806584 2.73089757508
80 8388608 25784.016 25831.938 26304.96 51.023733927 51.9580559538 52.0546248498 3.18898337044 3.24737849711 3.25341405311
96 8388608 39709.091 45300.961 50481.081 31.9052742947 35.5536107943 40.5603023247 1.99407964342 2.22210067464 2.5350188953
112 8388608 44934.988 54670.095 58271.17 32.2466185594 34.370677278 41.8170400313 2.01541365996 2.14816732987 2.61356500195
128 8388608 50115.824 51726.103 56661.844 37.8999957714 41.5164399298 42.8504108403 2.36874973571 2.59477749561 2.67815067752
144 4194304 27849.913 28100.014 28226.852 42.7946960575 42.9878629954 43.3739075594 2.67466850359 2.68674143721 2.71086922246
160 4194304 30726.194 31013.966 31291.962 42.8920781637 43.276544509 43.6818591981 2.68075488523 2.70478403181 2.73011619988
176 4194304 33674.002 33816.099 34196.138 43.1743200943 43.6595305686 43.8437643378 2.69839500589 2.72872066054 2.74023527112
192 4194304 36331.892 36538.124 37004.948 43.5242534593 44.0803347211 44.3305494798 2.72026584121 2.75502092007 2.77065934249
208 4194304 38869.143 39062.977 44826.984 38.9236640145 44.6671144393 44.8898619658 2.43272900091 2.79169465246 2.80561637286
224 4194304 41795.969 41938.066 42325.974 44.3946828489 44.8053134353 44.9576415372 2.77466767806 2.80033208971 2.80985259607
240 4194304 44466.019 45737.982 48707.008 41.3342145754 44.0173753184 45.2765047395 2.58338841097 2.7510859574 2.82978154622
256 4194304 14987.946 15047.073 15211.821 141.172029831 142.717699848 143.280716917 8.82325186445 8.91985624048 8.95504480734
272 2097152 7470.846 7473.946 7549.047 151.125127185 152.643688889 152.707027825 9.44532044906 9.54023055559 9.54418923908
288 2097152 7449.15 7463.217 7503.986 160.97572037 161.855075633 162.160723304 10.0609825232 10.1159422271 10.1350452065
304 2097152 7738.829 7762.909 7878.78 161.835768482 164.25136711 164.762448686 10.1147355301 10.2657104444 10.2976530429
320 2097152 10487.08 10736.942 10792.017 124.36760246 125.005544409 127.983888747 7.77297515376 7.81284652557 7.99899304668
352 2097152 13062.954 13082.027 13415.098 110.054731467 112.856746741 113.021526984 6.87842071672 7.05354667132 7.06384543649
384 2097152 15753.984 16185.999 16690.016 96.5015693214 99.5065387067 102.235265441 6.03134808259 6.21915866917 6.38970409009
416 2097152 18760.92 19958.973 20776.033 83.9828500465 87.4208539688 93.0034595318 5.24892812791 5.46380337305 5.81271622074
448 2097152 21706.104 22130.013 24152.994 77.7977335646 84.9094933654 86.5677319154 4.86235834779 5.30684333534 5.41048324471
480 2097152 24329.901 24429.798 32887.936 61.2159400943 82.4102565236 82.7486277071 3.82599625589 5.15064103273 5.17178923169
528 1048576 5781.889 5835.056 6487.131 170.691212494 189.766174652 191.511157686 10.6682007809 11.8603859157 11.9694473554
576 1048576 6821.871 6906.986 8203.983 147.24062105 174.889532424 177.071591064 9.2025388156 10.9305957765 11.0669744415
624 1048576 7822.037 7848.978 10067.94 129.979206074 166.725253657 167.299496026 8.12370037962 10.4203283536 10.4562185017
672 1048576 9912.014 9956.121 12460.947 113.09623129 141.549720418 142.179595792 7.0685144556 8.84685752614 8.88622473697
736 1048576 12918.949 13018.847 15157.938 101.82808981 118.55918362 119.475962944 6.36425561313 7.40994897628 7.467247684
800 1048576 8850.098 8857.012 9181.023 182.737980288 189.422979217 189.570962943 11.421123768 11.8389362011 11.8481851839
880 1048576 10520.935 10629.892 10654.926 173.205685333 173.613594569 175.411573211 10.8253553333 10.8508496606 10.9632233257
960 1048576 12397.051 12459.993 12567.043 160.202039573 161.578415012 162.398776935 10.0126274733 10.0986509382 10.1499235584
1056 524288 5753.994 5838.156 5871.058 188.602506737 189.665410791 192.439591699 11.7876566711 11.8540881744 12.0274744812
1152 524288 6783.009 6783.962 6812.811 177.307069285 178.061072866 178.086090111 11.0816918303 11.1288170541 11.130380632
1264 524288 8010.149 8100.986 13293.028 99.7064072986 163.609721582 165.465094844 6.23165045616 10.2256075989 10.3415684278
1376 524288 7801.056 7823.944 8251.905 174.849392474 184.413458992 184.954521029 10.9280870296 11.525841187 11.5596575643
1504 524288 9178.162 9305.954 9306.192 169.463331941 169.46766597 171.827246457 10.5914582463 10.5917291231 10.7392029036
1648 524288 9339.094 9378.91 11822.939 146.161055893 184.248835739 185.034356438 9.13506599332 11.5155522337 11.5646472773
1808 524288 9685.993 9692.907 9804.01 193.372447397 195.588940243 195.728554419 12.0857779623 12.2243087652 12.2330346512
1984 524288 11551.857 11699.915 12006.044 173.277291338 177.811102388 180.090074176 10.8298307086 11.1131938993 11.255629636
2176 262144 6098.032 6148.1 6171.942 184.844687134 185.561504855 187.085060885 11.5527929459 11.5975940534 11.6928163053
2384 262144 6540.06 6551.981 6568.909 190.275522465 190.767127072 191.114850934 11.8922201541 11.922945442 11.9446781834
2608 262144 7025.957 7071.972 7172.823 190.628306874 193.346792663 194.613076055 11.9142691797 12.0841745414 12.1633172534
2864 262144 7734.06 7791.042 7833.958 191.673331922 192.72914098 194.149105644 11.9795832451 12.0455713113 12.1343191028
3136 262144 8517.027 8523.941 8572.102 191.804433498 192.888145049 193.044728871 11.9877770936 12.0555090656 12.0652955544
3440 262144 9430.885 9448.051 9505.033 189.746918291 190.89129811 191.23875649 11.8591823932 11.9307061319 11.9524222806
3776 262144 10518.074 10522.127 10555.983 187.544020107 188.14746182 188.219961944 11.7215012567 11.7592163638 11.7637476215
4144 131072 5542.994 5568.027 5568.027 195.100479218 195.100479218 195.981582517 12.1937799511 12.1937799511 12.2488489073
4544 131072 6261.11 6264.21 6336.927 187.974760637 190.156833184 190.250983612 11.7484225398 11.884802074 11.8906864757
4992 131072 6772.995 6809.95 10771.99 121.483852844 192.163356265 193.21184321 7.59274080277 12.0102097666 12.0757402006
5488 131072 7429.123 7456.779 7472.992 192.512754195 192.931327588 193.649542752 12.0320471372 12.0582079742 12.103096422
6032 131072 8192.062 8198.977 8274.794 191.09268557 192.859744332 193.022539136 11.9432928481 12.0537340207 12.063908696
6624 131072 9085.178 9094.954 9121.18 190.374694502 190.923654589 191.129095765 11.8984184064 11.9327284118 11.9455684853
7280 131072 9801.149 9801.865 10279.894 185.644746921 194.698490542 194.712713785 11.6027966825 12.1686556589 12.1695446116
8000 131072 10724.068 10740.042 10851.86 193.252769571 195.264785743 195.555641758 12.0782980982 12.2040491089 12.2222276099
8800 65536 6435.871 6472.826 6484.032 177.888326276 178.196293242 179.21950269 11.1180203922 11.1372683276 11.2012189182
9680 65536 7110.119 7157.087 7202.864 176.148954083 177.275609476 178.446656097 11.0093096302 11.0797255923 11.152916006
10640 65536 7538.08 7560.015 7730.961 180.392331561 184.471337689 185.008129391 11.2745207226 11.5294586056 11.5630080869
11696 65536 8190.87 8200.169 8249.044 185.841912348 186.949575308 187.161816999 11.6151195217 11.6843484567 11.6976135624
12864 65536 8853.912 8864.88 8966.923 188.03665516 190.201131657 190.43674796 11.7522909475 11.8875707285 11.9022967475
14144 65536 9727.001 9763.956 9772.062 189.712505713 189.87000433 190.591361921 11.857031607 11.8668752706 11.9119601201
15552 65536 10712.862 11342.049 11382.103 179.090959201 179.723411881 190.278913702 11.1931849501 11.2327132426 11.8924321064
17104 32768 6143.093 6201.029 6253.958 179.234933142 180.764796294 182.469603504 11.2021833213 11.2977997684 11.404350219
18800 32768 6644.011 6644.964 6769.896 181.993460461 185.415120383 185.441715855 11.3745912788 11.5884450239 11.5901072409
20672 32768 7310.152 7378.101 7390.022 183.322890243 183.619090061 185.325858067 11.4576806402 11.4761931288 11.5828661292
22736 32768 7908.106 7908.106 7939.1 187.682041541 188.417618074 188.417618074 11.7301275963 11.7761011297 11.7761011297
25008 32768 8954.048 8971.93 9065.151 180.793931397 182.67243369 183.037246171 11.2996207123 11.4170271057 11.4398278857
27504 32768 9826.899 9834.051 9835.958 183.256388854 183.291925576 183.42532512 11.4535243034 11.4557453485 11.46408282
30240 32768 10439.873 10497.808 11231.899 176.444663543 188.783090718 189.830723037 11.0277914714 11.7989431699 11.8644201898
33264 16384 5918.026 5953.789 6027.937 180.823846036 183.075811387 184.182149926 11.3014903772 11.4422382117 11.5113843704
36576 16384 6472.111 6506.92 6743.908 177.71926426 184.191963018 185.182603945 11.1074540163 11.5119976886 11.5739127466
40224 16384 7004.023 7025.003 7234.097 182.201044857 187.624123719 188.186137024 11.3875653036 11.7265077325 11.761633564
44240 16384 7850.885 7857.8 7864.952 184.318520952 184.486283693 184.648777813 11.5199075595 11.5303927308 11.5405486133
48656 16384 8440.971 8635.998 16238.928 98.1813459608 184.61789917 188.883459972 6.13633412255 11.5386186982 11.8052162482
53520 16384 9428.978 9454.012 9729.147 180.256641204 185.502552779 185.995063304 11.2660400753 11.5939095487 11.6246914565
58864 16384 10346.889 10394.096 10540.962 182.986671615 185.572227926 186.418889001 11.4366669759 11.5982642454 11.6511805626
64736 16384 11362.076 11438.131 11484.861 184.70134275 185.455932267 186.697329608 11.5438339219 11.5909957667 11.6685831005
71200 8192 7611.036 7621.05 8255.005 141.313154868 153.06825175 153.269646865 8.83207217924 9.56676573438 9.57935292909
78320 8192 10773.182 10794.163 10898.113 117.744684791 118.878590216 119.110108787 7.35904279943 7.42991188849 7.44438179918
86144 8192 11849.165 11920.929 11961.937 117.989527616 118.395411633 119.112468769 7.37434547599 7.39971322705 7.44452929806
94752 8192 13016.939 13036.013 13813.972 112.380187827 119.086776609 119.261277018 7.0237617392 7.44292353805 7.4538298136
104224 8192 14307.976 14460.087 14467.001 118.034554363 118.090991845 119.346441174 7.37715964767 7.38068699033 7.45915257336
114640 8192 15729.904 15793.085 15878.916 118.286522833 118.929377003 119.407070762 7.39290767707 7.43308606267 7.4629419226
126096 8192 17376.184 17396.927 17881.87 115.533602694 118.754126174 118.895890145 7.22085016835 7.42213288588 7.43099313405
138704 4096 9524.822 9556.055 9648.085 117.770849656 118.905046905 119.294950394 7.36067810348 7.43156543155 7.45593439961
152560 4096 10483.98 10510.921 10604.858 117.848963183 118.902189447 119.207735993 7.36556019892 7.43138684041 7.45048349959
167808 4096 11553.049 11567.116 12188.911 112.781456522 118.844069343 118.988773959 7.04884103264 7.42775433392 7.43679837245
184576 4096 12691.975 12697.935 12722.969 118.843847847 119.078148691 119.134066369 7.42774049045 7.44238429319 7.44587914804
203024 4096 13937.95 13988.018 14117.956 117.805481757 118.899804676 119.326917373 7.36284260979 7.43123779223 7.45793233582
223312 4096 15370.131 15463.829 15545.845 117.675938748 118.300060354 119.021230463 7.35474617173 7.39375377211 7.43882690395
245632 4096 16877.174 16911.03 16942.978 118.764088816 118.9884557 119.227149285 7.422755551 7.43677848126 7.45169683029
270192 2048 9282.827 9303.093 9410.858 117.598887583 118.961127444 119.220839945 7.34993047393 7.43507046527 7.45130249653
297200 2048 10256.052 10285.139 13065.1 93.1742734461 118.358264288 118.693937979 5.82339209038 7.397391518 7.4183711237
326912 2048 11250.019 11254.787 11428.833 117.162579241 118.974401914 119.024825825 7.32266120259 7.43590011966 7.43905161405
359600 2048 12970.209 12996.912 18451.929 79.8248031412 113.328581435 113.56190174 4.98905019632 7.08303633971 7.09761885872
395552 2048 13745.07 14038.086 14123.917 114.711874333 115.413240238 117.873607919 7.16949214584 7.21332751488 7.36710049494
435104 2048 15140.057 15749.931 17078.161 104.354677532 113.155161378 117.71329421 6.52216734577 7.07219758614 7.35708088814
478608 2048 17803.192 17955.065 18081.188 108.420882964 109.182471241 110.113869917 6.77630518526 6.82390445259 6.88211686983
526464 1024 10111.809 10369.062 10452.032 103.156809317 103.98223793 106.627634284 6.44730058232 6.49888987066 6.66422714274
579104 1024 11667.967 11889.935 12030.84 98.5803977112 99.7486522845 101.646241543 6.16127485695 6.23429076778 6.35289009645
637008 1024 13610.125 13714.075 13978.004 93.331807889 95.1279896019 95.8545482867 5.83323799306 5.94549935012 5.99090926792
700704 1024 15748.978 15899.181 16026.02 89.5444902727 90.258849937 91.119677226 5.59653064204 5.64117812106 5.69497982663
770768 1024 18123.865 18137.932 18142.939 87.0053558577 87.0293738007 87.096922428 5.43783474111 5.43933586254 5.44355765175
847840 1024 20057.917 20711.899 20878.077 83.1674449711 83.8347232188 86.5681276874 5.19796531069 5.23967020117 5.41050798046
932624 1024 21991.014 22034.168 22418.976 85.1963065574 86.6841875763 86.8542920304 5.32476915984 5.41776172352 5.4283932519
1025872 1024 24219.036 24355.888 24438.143 85.9715836838 86.2619279576 86.7493593056 5.37322398023 5.39137049735 5.4218349566
1128448 512 13414.86 13432.026 13470.888 85.7798499995 86.0280312144 86.1381148965 5.36124062497 5.3767519509 5.38363218103
1241280 512 14685.869 14722.109 14915.943 85.2155790619 86.3375430789 86.550596359 5.32597369137 5.39609644243 5.40941227244
1365408 512 16189.098 16294.956 16294.956 85.8043306162 85.8043306162 86.3653918211 5.36277066351 5.36277066351 5.39783698882
1501936 512 17901.182 18181.801 18735.886 82.0875225223 84.5891154567 85.915134766 5.13047015764 5.28681971604 5.36969592287
1652128 512 19556.046 20250.082 21118.879 80.1074276717 83.544307228 86.5092602053 5.00671422948 5.22151920175 5.40682876283
1817328 512 21623.85 22263.05 23652.077 78.6799346205 83.5889005325 86.0597845435 4.91749591378 5.22430628328 5.37873653397
1999056 512 23740.053 25118.113 26166.916 78.2298282304 81.4963028473 86.2269913214 4.8893642644 5.09351892795 5.38918695759
2198960 256 13445.854 14121.056 14168.978 79.460037273 79.7296972691 83.7334333691 4.96625232956 4.98310607932 5.23333958557
2418848 256 15951.872 16110.182 16698.837 74.163857998 76.8737544989 77.6366670946 4.63524112488 4.80460965618 4.85229169341
2660720 256 17744.064 19430.876 19798.994 68.805952464 70.1094814253 76.774330841 4.300372029 4.38184258908 4.79839567756
2926784 256 22091.15 24769.068 26818.037 55.877072882 60.4993860891 67.8332005351 3.49231705512 3.78121163057 4.23957503344
3219456 256 28373.003 31802.893 32490.015 50.7344016923 51.8305511389 58.0961229941 3.17090010577 3.23940944618 3.63100768713
3541392 256 37836.075 39683.104 42467.117 42.6963926937 45.6918063668 47.9223255583 2.66852454335 2.85573789792 2.9951453474
3895520 256 51023.006 54272.89 56234.837 35.4674494744 36.7495860272 39.0903319181 2.21671559215 2.2968491267 2.44314574488
4285072 128 31976.938 34322.023 35519.123 30.8841643416 31.9613570564 34.3052994005 1.93026027135 1.99758481602 2.14408121253
4713568 128 41646.957 42703.867 45211.792 26.689351486 28.2567714067 28.9738673584 1.66808446788 1.76604821292 1.8108667099
5184912 128 48383.951 53447.008 53694.963 24.7199625037 24.8346450376 27.4334246081 1.54499765648 1.55216531485 1.71458903801
5703392 128 56832.79 61388.969 62405.825 23.396347248 23.7838878187 25.6905978397 1.462271703 1.48649298867 1.60566236498
6273728 128 64075.947 69876.194 70887.089 22.6567967546 22.9845713692 25.0651678702 1.41604979716 1.43653571057 1.56657299189
6901088 128 70341.11 76400.995 78279.972 22.5687169127 23.1237633489 25.1158750267 1.41054480704 1.44523520931 1.56974218917
7591184 128 79839.945 85776.091 86899.042 22.36322817 22.6559998403 24.3404865071 1.39770176062 1.41599999002 1.52128040669
8350288 128 89616.776 95098.019 97544.909 21.9147646957 22.4786357327 23.8534995724 1.36967279348 1.40491473329 1.49084372328
9185312 64 49235.106 52155.018 54895.878 21.4172717303 22.542796093 23.8797076216 1.33857948314 1.40892475581 1.49248172635
10103840 64 55931.091 57283.878 59877.872 21.5988223496 22.576884896 23.1229446248 1.34992639685 1.411055306 1.44518403905
11114224 64 61612.844 63214.064 66199.064 21.4900420949 22.5048127265 23.089677081 1.34312763093 1.40655079541 1.44310481756
12225632 64 68656.206 69955.111 74100.018 21.1184954908 22.3697864764 22.7929998928 1.31990596817 1.39811165477 1.4245624933
13448192 64 74581.861 77729.94 82560.062 20.8498944199 22.1455024409 23.0802577587 1.30311840124 1.38409390256 1.44251610992
14793008 64 83450.079 84474.087 90536.118 20.9143606533 22.4152173909 22.6902723963 1.30714754083 1.40095108693 1.41814202477
16272304 64 91331.005 99711.895 100200.176 20.7869386577 20.8887305973 22.8055621637 1.2991836661 1.30554566233 1.42534763523
17899520 32 50329.208 50431.013 56043.863 20.4405838334 22.7155714679 22.7615201098 1.27753648959 1.41972321674 1.42259500686
19689472 32 55769.92 55823.088 60941.219 20.6777322259 22.5735668367 22.5950872442 1.29235826412 1.41084792729 1.41219295276
21658416 32 61661.959 61932.802 67189.932 20.6301536962 22.381332335 22.4796397403 1.28938460602 1.39883327094 1.40497748377
23824256 32 67672.014 68449.02 74813.128 20.3808131642 22.2757372421 22.5315059191 1.27380082276 1.39223357763 1.40821911995
26206672 32 74471.951 74547.052 82395.077 20.355912866 22.4989045576 22.5215935057 1.27224455413 1.40618153485 1.40759959411
28827328 32 82087.994 82582.951 91548.92 20.1526024775 22.3405554011 22.4752598047 1.25953765484 1.39628471257 1.4047037378
31710048 32 90960.979 91082.096 99864.006 20.3220675125 22.2814709051 22.3111392853 1.27012921953 1.39259193157 1.39444620533
34881040 16 50040.96 50565.004 54903.03 20.3302673823 22.0744228558 22.3055928583 1.2706417114 1.37965142849 1.39409955365
38369136 16 55013.895 56128.025 59573.889 20.6099076728 21.875210325 22.3182225509 1.28811922955 1.36720064531 1.39488890943
42206048 16 60484.171 60630.083 66136.837 20.4211993991 22.2759638314 22.3297023613 1.27632496244 1.39224773946 1.39560639758
46426640 16 66530.943 66766.977 73279.142 20.2738792984 22.2513066602 22.3302483478 1.26711745615 1.39070666626 1.39564052173
51069296 16 73243.141 73925.972 80024.958 20.4213474501 22.1061343908 22.3122254137 1.27633421563 1.38163339942 1.39451408836
56176224 16 80453.157 81009.865 88069.916 20.4115008807 22.1903735798 22.3439232845 1.27571880505 1.38689834874 1.39649520528
61793840 16 88513.136 89200.02 96813.917 20.4247792185 22.1681887515 22.3402194223 1.27654870115 1.38551179697 1.3962637139
67973216 8 48894.882 49206.972 54129.839 20.0919026565 22.1019788822 22.2430530868 1.25574391603 1.38137368014 1.39019081793
74770528 8 53706.884 54021.835 58326.96 20.5107286236 22.1452760351 22.2751416373 1.28192053898 1.3840797522 1.39219635233
82247568 8 59020.042 59705.973 64734.936 20.3284527539 22.0406941195 22.2968510934 1.27052829712 1.37754338247 1.39355319334
90472320 8 64913.034 65553.904 71188.927 20.334020767 22.0819361117 22.2999454932 1.27087629794 1.38012100698 1.39374659333
99519552 8 71381.092 71711.063 78130.96 20.3800494964 22.2045632206 22.3072075165 1.27375309352 1.38778520129 1.39420046978
109471504 8 78654.051 78833.103 85978.031 20.3719955392 22.2183828537 22.2689618873 1.2732497212 1.38864892836 1.39181011796
120418640 8 86559.057 86560.965 94157.934 20.462409891 22.2582805078 22.2587711416 1.27890061819 1.39114253174 1.39117319635
132460496 8 94897.032 95084.906 104349.136 20.310354424 22.289215241 22.3333426908 1.2693971515 1.39307595256 1.39583391818
145706544 4 52733.898 52844.048 56967.974 20.4615377756 22.058347082 22.1044223205 1.27884611097 1.37864669262 1.38152639503
160277184 4 57613.134 57657.957 63159.943 20.3011182578 22.2383438248 22.2556452492 1.26881989111 1.38989648905 1.39097782808
176304896 4 63076.019 63406.944 69101.095 20.4112419347 22.2442382336 22.3609414538 1.27570262092 1.3902648896 1.39755884086
193935376 4 69213.867 70169.926 76250.076 20.3472978571 22.110369733 22.4157827795 1.27170611607 1.38189810831 1.40098642372
213328912 4 76821.089 82980.871 83564.997 20.4228009007 20.5665628166 22.2156613271 1.27642505629 1.28541017604 1.38847883294
234661792 4 84317.923 84547.043 92010.975 20.4029392798 22.2041394872 22.2644755611 1.27518370499 1.38775871795 1.39152972257
258127968 4 93466.997 100415.945 101840.019 20.2771343159 20.5646996002 22.0936138988 1.26732089475 1.28529372502 1.38085086868
283940752 2 50676.107 50787.926 55660.009 20.4053687451 22.3628546675 22.4121992638 1.27533554657 1.39767841672 1.40076245399
312334816 2 55821.896 56493.044 60816.05 20.5429202324 22.1149220424 22.3808102828 1.28393251453 1.38218262765 1.39880064267
343568288 2 61593.771 62189.102 67964.792 20.2203686874 22.0982954859 22.3118852716 1.26377304296 1.38114346787 1.39449282948
377925104 2 67923.069 68287.134 74450.97 20.3046436601 22.1374119464 22.2560676108 1.26904022876 1.38358824665 1.39100422568
415717600 2 74443.817 76819.897 81940.889 20.2935362344 21.6463502939 22.337253341 1.26834601465 1.35289689337 1.39607833381
457289360 2 82031.012 82153.082 89180.946 20.5106306004 22.2652321187 22.2983649159 1.28191441252 1.39157700742 1.39364780725
503018288 2 90038.061 90409.994 98717.928 20.3820439991 22.254986014 22.346917844 1.27387774995 1.39093662588 1.39668236525
553320112 1 49580.097 49582.005 54019.213 20.4860486213 22.3193923683 22.3202512895 1.28037803883 1.39496202302 1.3950157056
608652112 1 54867.029 55229.902 59282.064 20.5341066397 22.040673257 22.186443228 1.28338166498 1.37754207856 1.38665270175
669517312 1 60118.914 66128.969 67188.025 19.9296619301 20.2488356351 22.2731006751 1.24560387063 1.26555222719 1.39206879219
736469040 1 65746.069 71869.85 72643.995 20.276116147 20.4945200247 22.4034395121 1.26725725919 1.28090750155 1.40021496951
810115936 1 72305.918 78993.082 79566.002 20.3633691687 20.5110603483 22.408011914 1.27271057304 1.28194127177 1.40050074463
891127520 1 79733.849 86912.155 87558.985 20.3549074946 20.5063956819 22.3525524273 1.27218171842 1.28164973012 1.3970345267
980240272 1 94316.959 96244.097 96438.885 20.328735074 20.3698783106 20.7860873038 1.27054594213 1.27311739441 1.29913045649

META_DATA
ERT_VERSION  1.1.0
OPENMP_THREADS 2
HOSTNAME  ('c4ba798bf1f2', [], ['172.17.0.9'])
UNAME  ('Linux', 'c4ba798bf1f2', '4.9.12-moby', '#1 SMP Tue Feb 28 12:11:36 UTC 2017', 'x86_64', 'x86_64')
FLOPS          1
CONFIG  {'ERT_WORKING_SET_MIN': ['1'], 'ERT_CFLAGS': ['-Ofast', '-march=native'], 'ERT_CC': ['cc'], 'ERT_MPI_CFLAGS': [], 'ERT_MPI_LDFLAGS': [], 'ERT_MEMORY_MAX': ['1073741824', '#', '1GB'], 'ERT_LDFLAGS': [], 'ERT_LDLIBS': [], 'ERT_RUN': ['export', 'OMP_NUM_THREADS=ERT_OPENMP_THREADS', ';', './ERT_CODE'], 'ERT_FLOPS': ['1,4,16,32,64'], 'ERT_OPENMP_CFLAGS': ['-fopenmp'], 'ERT_MPI': ['False'], 'ERT_TRIALS_MIN': ['1'], 'ERT_DRIVER': ['driver1'], 'ERT_RESULTS': ['Results'], 'ERT_OPENMP': ['True'], 'ERT_OPENMP_THREADS': ['1,2,4,8', '#', ',16'], 'ERT_KERNEL': ['kernel1'], 'ERT_GPU': [False], 'ERT_LD': ['cc'], 'ERT_NUM_EXPERIMENTS': ['3'], 'ERT_OPENMP_LDFLAGS': ['-fopenmp'], 'ERT_ALIGN': ['64'], 'ERT_GNUPLOT': ['gnuplot']}
TIMESTAMP_DATA  1494194447.16
TIMESTAMP_DATA  1494194435.48
TIMESTAMP_DATA  1494194423.71
