32 33554432 1864646.912 1876252.89 1890691.996 1.13581887084 1.14455980825 1.15168380361 2.27163774168 2.28911961649 2.30336760722
64 16777216 936628.103 942391.157 945425.987 2.2714455468 2.278760398 2.29278156519 4.5428910936 4.55752079601 4.58556313039
96 8388608 473095.179 477054.834 483349.085 3.33219361737 3.37615850676 3.40441587125 6.66438723475 6.75231701352 6.8088317425
128 8388608 471560.001 487280.846 489701.033 4.38529531956 4.40707584882 4.55399873494 8.77059063913 8.81415169764 9.10799746987
160 4194304 227903.128 237087.011 247778.177 5.41685024989 5.66111688 5.88924466188 10.8337004998 11.32223376 11.7784893238
192 4194304 225130.081 226490.021 236838.102 6.80047983158 7.11118630697 7.15414274648 13.6009596632 14.2223726139 14.308285493
224 4194304 226691.961 238039.97 239052.057 7.86041423605 7.89383477069 8.28899350339 15.7208284721 15.7876695414 16.5779870068
256 4194304 239538.908 239660.978 249351.978 8.61225832345 8.96050606954 8.96507237981 17.2245166469 17.9210121391 17.9301447596
288 2097152 104728.937 119696.856 119806.051 10.0826255595 10.0918235647 11.5341527051 20.1652511191 20.1836471294 23.0683054102
320 2097152 110196.114 112752.914 120427.847 11.1450741123 11.9037037038 12.1798966523 22.2901482246 23.8074074077 24.3597933045
352 2097152 111618.996 121170.998 121745.11 12.1269347738 12.1843925722 13.2270944992 24.2538695476 24.3687851444 26.4541889984
384 2097152 104690.075 110302.925 120119.095 13.4084654567 14.6017228102 15.3845790635 26.8169309134 29.2034456203 30.769158127
416 2097152 106101.99 109900.951 120635.986 14.4635984821 15.8763909513 16.4448420242 28.9271969643 31.7527819027 32.8896840483
448 2097152 104777.813 107975.006 113274.097 16.5885073619 17.4026217882 17.9336458569 33.1770147239 34.8052435765 35.8672917138
480 2097152 114192.009 121975.183 130306.005 15.4502927167 16.505537196 17.6305324482 30.9005854335 33.0110743921 35.2610648964
512 2097152 113519.907 116653.204 123272.896 17.4205662208 18.4091270052 18.9172428409 34.8411324416 36.8182540104 37.8344856819
544 1048576 60981.989 61120.033 71193.218 16.0247102189 18.6657407073 18.7079940603 32.0494204378 37.3314814146 37.4159881207
576 1048576 66042.9 68923.95 73198.795 16.5024513313 17.5259768484 18.2905286109 33.0049026627 35.0519536968 36.5810572219
608 1048576 77002.048 77491.999 77601.91 16.4308896005 16.4541944001 16.5588896545 32.8617792011 32.9083888002 33.1177793089
640 1048576 48383.951 56504.965 60065.031 22.3454022691 23.7532627443 27.7401339134 44.6908045382 47.5065254885 55.4802678268
704 1048576 68090.916 70056.2 70780.993 20.8586365552 21.0744374945 21.6827015222 41.7172731103 42.1488749889 43.3654030444
768 1048576 58403.969 66869.02 67790.031 23.7588434795 24.0860825536 27.5771110008 47.517686959 48.1721651072 55.1542220016
832 1048576 87945.938 91403.008 97743.034 17.8512001582 19.089420602 19.8398073144 35.7024003163 38.178841204 39.6796146287
896 1048576 77589.989 77845.097 79185.009 23.7298475523 24.1382985495 24.2176628225 47.4596951047 48.276597099 48.4353256449
960 1048576 92236.042 100023.031 102281.094 19.6836564928 20.1280235149 21.8273234231 39.3673129855 40.2560470298 43.6546468462
1056 524288 35115.004 46570.063 50145.864 22.0815071807 23.7769971666 31.5334224652 44.1630143615 47.5539943332 63.0668449304
1152 524288 38653.135 40570.021 49993.992 24.1620943573 29.7746839224 31.2512698388 48.3241887145 59.5493678448 62.5025396776
1248 524288 56688.07 65752.029 69306.135 18.8817750117 19.9023949208 23.0846251777 37.7635500234 39.8047898415 46.1692503555
1344 524288 54437.16 66429.853 66806.793 21.0949527842 21.2146509492 25.8883112932 42.1899055684 42.4293018983 51.7766225865
1472 524288 62873.125 63244.104 81579.208 18.9203095965 24.4054982896 24.5495014285 37.8406191931 48.8109965792 49.0990028569
1600 524288 77432.156 80740.929 83218.098 20.1605376754 20.7790722844 21.6669880663 40.3210753507 41.5581445688 43.3339761326
1760 524288 75403.929 88202.0 88205.099 20.9227559509 20.9234910773 24.4747692126 41.8455119018 41.8469821546 48.9495384252
1920 524288 77015.877 88450.909 90147.972 22.332903063 22.7613932153 26.1409205273 44.665806126 45.5227864306 52.2818410547
2112 262144 42383.909 53092.957 69392.204 15.9570699902 20.8558030776 26.1253924455 31.9141399803 41.7116061552 52.250784891
2304 262144 49854.04 50734.997 51947.117 23.2536398892 23.8091972687 24.2299230313 46.5072797784 47.6183945374 48.4598460626
2528 262144 60529.947 62799.215 64094.067 20.6789820967 21.1053603775 21.8966004381 41.3579641935 42.210720755 43.7932008763
2752 262144 63384.056 65280.914 72818.995 19.814068788 22.1020277994 22.7634624076 39.6281375759 44.2040555989 45.5269248153
3008 262144 52942.038 70948.124 76313.019 20.6656521347 22.228329871 29.7883943191 41.3313042693 44.456659742 59.5767886382
3296 262144 65006.018 77358.961 77629.089 22.2603829345 22.3381134604 26.5829734102 44.5207658691 44.6762269209 53.1659468205
3616 262144 70719.957 73554.039 80034.971 23.6874629217 25.7745928541 26.8075022727 47.3749258434 51.5491857082 53.6150045453
3968 262144 75440.168 75595.14 99098.206 20.9930620137 27.5199541135 27.5764866271 41.9861240273 55.0399082269 55.1529732542
4352 131072 32244.921 33885.002 35619.974 32.0283975502 33.6683081205 35.3807871944 64.0567951004 67.336616241 70.7615743887
4768 131072 36300.898 42752.981 63232.899 19.766650142 29.2354489152 34.4317265099 39.5333002841 58.4708978305 68.8634530198
5216 131072 48874.855 53308.01 59991.121 22.7924246323 25.6498620751 27.9764124927 45.5848492646 51.2997241503 55.9528249854
5728 131072 49895.048 64760.923 66424.847 22.6054089669 23.1862172811 30.0943859599 45.2108179338 46.3724345621 60.1887719198
6272 131072 55351.019 68446.875 73252.916 22.4450746507 24.0210698881 29.7043703568 44.8901493014 48.0421397763 59.4087407135
6880 131072 72524.071 77722.788 87065.935 20.7147688703 23.2049153975 24.8683050349 41.4295377406 46.4098307951 49.7366100698
7552 131072 80864.906 81923.008 83236.933 23.7840513417 24.1655126726 24.4817138352 47.5681026835 48.3310253452 48.9634276703
8288 65536 38626.909 46355.963 46402.931 23.4106922255 23.4344120087 28.1235222834 46.8213844509 46.8688240173 56.2470445668
9088 65536 34363.031 34814.835 48850.06 24.3844600396 34.2147919414 34.6646468992 48.7689200791 68.4295838828 69.3292937983
9984 65536 46098.948 50981.998 53982.973 24.241400117 25.6683319473 28.3872605509 48.4828002341 51.3366638946 56.7745211019
10976 65536 45542.002 53258.181 70044.041 20.5391672362 27.0126813381 31.5894385144 41.0783344724 54.0253626762 63.1788770287
12064 65536 50215.006 57659.864 69028.854 22.9071253015 27.423800514 31.4896429167 45.8142506031 54.847601028 62.9792858334
13248 65536 55721.045 62721.014 72017.908 24.1112509961 27.6851687379 31.1631243815 48.2225019921 55.3703374757 62.3262487629
14560 65536 64121.962 66545.963 80547.094 23.693074762 28.6780479832 29.762163547 47.3861495239 57.3560959663 59.524327094
16000 65536 69348.812 71253.777 75636.148 27.7268482789 29.4321520668 30.240633394 55.4536965579 58.8643041337 60.481266788
17600 32768 33546.925 39217.949 50277.948 22.9411431031 29.4108598081 34.3826923034 45.8822862063 58.8217196162 68.7653846068
19360 32768 39123.058 44790.983 45164.108 28.0925942343 28.3266156494 32.4304137984 56.1851884687 56.6532312988 64.8608275969
21280 32768 45539.856 45800.924 48123.121 28.9799591344 30.4493001058 30.6238579235 57.9599182688 60.8986002116 61.247715847
23392 32768 49123.049 51327.944 51510.096 29.7615075693 29.867124855 31.2077149771 59.5230151386 59.7342497101 62.4154299543
25728 32768 53996.086 57336.807 61869.86 27.2525298748 29.4071172816 31.226526456 54.5050597496 58.8142345631 62.453052912
28288 32768 62502.146 70379.972 76472.998 24.2423131888 26.3410500931 29.6610994445 48.4846263775 52.6821001861 59.322198889
31104 32768 74277.163 75816.154 92529.058 22.0301793627 26.8865094898 27.4435864493 44.0603587254 53.7730189796 54.8871728986
34208 16384 32485.008 33316.851 47350.883 23.6727949508 33.6444685003 34.506001784 47.3455899017 67.2889370007 69.0120035679
37600 16384 39855.003 42784.929 52474.976 23.4793208862 28.7969812922 30.9139808621 46.9586417724 57.5939625843 61.8279617242
41344 16384 46061.039 46262.026 50870.895 26.6313417918 29.2844976569 29.4122803439 53.2626835836 58.5689953138 58.8245606878
45472 16384 48231.84 54729.939 55827.141 26.6900018398 27.2250713819 30.8930054503 53.3800036796 54.4501427637 61.7860109007
50016 16384 56915.045 59088.945 61333.179 26.721658892 27.7365637176 28.7959763187 53.443317784 55.4731274353 57.5919526375
55008 16384 67158.937 69597.96 76374.054 23.6009750641 25.8987784125 26.8393489313 47.2019501282 51.7975568249 53.6786978627
60480 16384 69453.955 76695.919 85000.992 23.3151236635 25.8398186741 28.5341366089 46.630247327 51.6796373481 57.0682732178
66528 8192 30940.056 33915.997 37708.044 28.9061599695 32.1380719547 35.229243024 57.8123199389 64.2761439093 70.458486048
73152 8192 36354.065 39511.919 45142.889 26.5495273907 30.3331854876 32.9680427209 53.0990547814 60.6663709753 65.9360854419
80448 8192 35418.987 42124.987 43519.02 30.2869878963 31.2892685759 37.2133746231 60.5739757927 62.5785371518 74.4267492461
88480 8192 46814.203 47036.886 53141.832 27.2790053606 30.8195640332 30.9661646915 54.5580107212 61.6391280664 61.932329383
97312 8192 53297.043 57114.84 70864.916 22.4985775472 27.9149833563 29.9146016037 44.9971550943 55.8299667127 59.8292032074
107040 8192 65027.952 83311.796 84233.046 20.8201346536 21.0503607436 26.9690695472 41.6402693071 42.1007214873 53.9381390944
117728 8192 73227.167 80893.993 87969.065 21.9265210105 23.8442371364 26.3407097533 43.8530420211 47.6884742727 52.6814195065
129472 8192 74285.984 82361.937 89742.184 23.6373704478 25.7554560428 28.555443891 47.2747408955 51.5109120855 57.110887782
142400 4096 34909.01 38126.945 44586.897 26.1633098172 30.5962305661 33.4166107833 52.3266196345 61.1924611321 66.8332215666
156640 4096 38197.994 44265.032 66267.967 19.3637278778 28.9889066385 33.5932530907 38.7274557555 57.9778132771 67.1865061815
172288 4096 45200.825 52736.998 59293.985 23.8031445517 26.762677997 31.224724239 47.6062891034 53.5253559939 62.449448478
189504 4096 50225.019 64881.086 69237.947 22.4214731266 23.9271082485 30.9092320702 44.8429462532 47.8542164969 61.8184641404
208448 4096 55944.92 56965.113 72283.03 23.623885385 29.976347383 30.5229861085 47.24777077 59.952694766 61.045972217
229280 4096 68253.04 71147.919 78470.945 23.9357606819 26.3993913863 27.519093069 47.8715213637 52.7987827726 55.0381861379
252192 4096 74049.95 78829.05 86570.024 23.864575387 26.208064971 27.8995038349 47.7291507739 52.4161299419 55.7990076698
277408 2048 36031.961 39783.001 51516.056 22.0564860012 28.5615247578 31.5348689459 44.1129720024 57.1230495155 63.0697378919
305120 2048 46394.11 52966.833 56377.888 22.1677605234 23.5953605155 26.938150554 44.3355210468 47.190721031 53.8763011081
335616 2048 46834.946 49155.951 58351.994 23.558460333 27.9657520205 29.351654126 47.116920666 55.9315040411 58.7033082519
369152 2048 50218.821 56022.167 60527.086 24.9813214533 26.990148239 30.1091615034 49.9626429067 53.980296478 60.2183230068
406048 2048 53433.895 60851.097 65002.918 25.5861222722 27.3318426453 31.1257977357 51.1722445445 54.6636852907 62.2515954714
446624 2048 61497.927 67711.115 86112.976 21.2438588117 27.0173058589 29.7468873056 42.4877176234 54.0346117177 59.4937746113
491264 2048 68034.887 85385.084 95167.875 21.1438717529 23.5663800951 29.5762576044 42.2877435059 47.1327601903 59.1525152089
540384 1024 32475.948 39211.988 46988.964 23.5524756834 28.223675678 34.0777252137 47.1049513669 56.4473513559 68.1554504275
594400 1024 51100.016 51504.85 52244.902 23.3004781979 23.635273183 23.8225209166 46.6009563957 47.270546366 47.6450418333
653824 1024 55971.146 56659.937 57412.863 23.3228493064 23.6327751653 23.9236043514 46.6456986129 47.2655503306 47.8472087029
719200 1024 51984.072 62651.157 72741.985 20.2485758397 23.509886657 28.3340943357 40.4971516793 47.019773314 56.6681886713
791104 1024 61388.969 68985.224 81835.985 19.7979042105 23.4859133312 26.3920541164 39.595808421 46.9718266625 52.7841082329
870208 1024 63118.219 65099.955 76529.98 23.2874225761 27.3761477101 28.2356823788 46.5748451522 54.7522954202 56.4713647576
957216 1024 68705.082 74796.915 82769.871 23.6846855542 26.2093479123 28.5332367117 47.3693711085 52.4186958246 57.0664734233
1052928 512 29480.934 35653.114 45750.856 23.5667344016 30.2413492409 36.5727311082 47.1334688033 60.4826984818 73.1454622164
1158208 512 35069.942 41287.899 50240.993 23.6063206792 28.7252444596 33.8182764032 47.2126413584 57.4504889193 67.6365528064
1274016 512 41680.098 55600.882 69578.886 18.7498314359 23.4635195895 31.3001275573 37.4996628719 46.927039179 62.6002551146
1401408 512 49948.931 60120.821 60467.958 23.7322681212 23.8692979925 28.7301802715 47.4645362425 47.7385959849 57.4603605431
1541536 512 53389.072 62844.992 66090.107 23.884556035 25.1178783506 29.5665911556 47.76911207 50.2357567012 59.1331823112
1695680 512 59570.074 63714.981 73369.026 23.6663400711 27.2522457474 29.1484667284 47.3326801422 54.5044914947 58.2969334569
1865248 512 66532.135 71882.963 79787.97 23.9386207219 26.5711633506 28.708141592 47.8772414438 53.1423267013 57.4162831841
2051744 512 75610.161 81056.118 88310.957 23.7907721462 25.9201391313 27.7870834847 47.5815442924 51.8402782625 55.5741669694
2256896 256 34389.019 35865.068 48222.78 23.962342113 32.2188362225 33.6017364148 47.924684226 64.437672445 67.2034728295
2482560 256 46164.989 50490.141 53914.07 23.5758628499 25.1746320138 27.533218301 47.1517256998 50.3492640276 55.066436602
2730816 256 44533.968 50662.041 52478.075 26.6430846025 27.5981339165 31.3957604676 53.2861692049 55.196267833 62.7915209352
3003872 256 47779.799 52519.798 54758.787 28.0864962184 29.2838609928 32.1889688988 56.1729924368 58.5677219855 64.3779377975
3304256 256 58056.116 71825.981 73596.954 22.9870800359 23.5538595985 29.1404108397 45.9741600719 47.107719197 58.2808216795
3634656 256 65188.885 69839.001 77991.009 23.8610052089 26.6461983326 28.5469504809 47.7220104179 53.2923966653 57.0939009618
3998112 256 73356.152 78713.179 87231.874 23.4665753484 26.0062338989 27.9054079063 46.9331506967 52.0124677978 55.8108158127
4397920 128 36554.813 40966.988 47760.01 23.5734356002 27.4823113674 30.799433169 47.1468712004 54.9646227348 61.5988663381
4837696 128 37492.037 40655.136 44030.905 28.1268390009 30.4623301715 33.0323523366 56.2536780018 60.924660343 66.0647046732
5321440 128 43377.876 45181.99 49165.01 27.7084991949 30.1511429665 31.4051485601 55.4169983897 60.302285933 62.8102971201
5853568 128 48903.942 59410.095 73372.126 20.4234699155 25.2232117791 30.6419758145 40.8469398311 50.4464235582 61.2839516291
6438912 128 65809.011 71364.88 84923.029 19.4100645185 23.0976563262 25.0476560421 38.8201290371 46.1953126524 50.0953120842
7082784 128 65644.026 79642.057 80085.993 22.640572166 22.7667738918 27.6215950557 45.2811443319 45.5335477837 55.2431901115
7791040 128 77721.119 88690.996 89621.067 22.2548816563 22.4882607024 25.6623459063 44.5097633127 44.9765214047 51.3246918125
8570144 64 38321.018 38665.056 51715.851 21.2116480883 28.371313674 28.6260253316 42.4232961766 56.7426273481 57.2520506632
9427136 64 41703.939 65547.943 67985.058 17.7490972796 18.409020219 28.9342790378 35.4981945592 36.818040438 57.8685580755
10369824 64 46314.001 62550.068 73491.096 18.06120121 21.2204001441 28.6595293721 36.12240242 42.4408002882 57.3190587442
11406784 64 69979.906 70747.852 79922.199 18.2686208621 20.6376350762 20.8641085057 36.5372417243 41.2752701524 41.7282170113
12547456 64 62160.015 76020.002 77971.935 20.5981083835 21.1269971816 25.837740998 41.196216767 42.2539943632 51.6754819959
13802176 64 77059.984 85352.898 85968.971 20.5501881371 20.6985183795 22.9260173218 41.1003762741 41.3970367591 45.8520346436
15182368 64 92306.137 92620.134 94475.031 20.5699123189 20.9818645263 21.0532383562 41.1398246379 41.9637290527 42.1064767124
16700576 64 95707.178 101588.964 103914.022 20.5715618244 21.0423814146 22.3355632532 41.1431236489 42.0847628292 44.6711265063
18370624 32 41071.177 51184.177 67874.908 17.3218641563 22.9703788341 28.6263998716 34.6437283127 45.9407576681 57.2527997432
20207680 32 49008.846 72568.893 76631.069 16.8768560439 17.8215688091 26.3889404782 33.7537120877 35.6431376182 52.7778809564
22228448 32 57864.904 80506.086 81732.988 17.4057098218 17.6709705152 24.5852075033 34.8114196437 35.3419410304 49.1704150067
24451264 32 79069.853 85680.962 88817.12 17.6191357702 18.264044421 19.7911193284 35.2382715404 36.528088842 39.5822386567
26896384 32 75710.058 87416.887 92939.854 18.5213178407 19.6914879387 22.7363262091 37.0426356814 39.3829758774 45.4726524183
29586016 32 85156.918 95087.051 96505.165 19.6207635519 19.9133846732 22.2354809036 39.2415271038 39.8267693463 44.4709618072
32544608 32 102698.088 104336.023 111345.053 18.7063085057 19.9629509743 20.2813407003 37.4126170114 39.9259019486 40.5626814007
35799040 16 43356.18 57239.056 57990.074 19.7545752399 20.0137696191 26.422283513 39.5091504798 40.0275392382 52.844567026
39378944 16 49030.781 49052.0 62007.904 20.3220255276 25.6895989562 25.7007166172 40.6440510552 51.3791979124 51.4014332344
43316832 16 52592.993 56325.912 58183.908 23.8234018932 24.6092530912 26.3559562773 47.6468037864 49.2185061824 52.7119125546
47648512 16 68130.016 68134.069 69508.076 21.9363341894 22.3787072514 22.3800385428 43.8726683789 44.7574145029 44.7600770856
52413344 16 75291.872 85513.115 98176.003 17.0838795301 19.6136815739 22.2763355917 34.1677590602 39.2273631477 44.5526711834
57654656 16 77839.851 86941.004 91062.069 20.260345633 21.2207003269 23.7018566749 40.5206912661 42.4414006537 47.4037133499
63420096 16 86039.066 88584.9 102010.012 19.8945479195 22.9095824683 23.5874605147 39.7890958389 45.8191649367 47.1749210295
69762080 8 42139.053 48352.957 56086.063 19.9014375461 23.0842816914 26.4883332808 39.8028750922 46.1685633828 52.9766665615
76738272 8 49787.045 60924.053 72164.059 17.0141808681 20.1531626926 24.6612819058 34.0283617361 40.3063253851 49.3225638115
84412096 8 66679.001 67016.125 67086.935 20.1319904688 20.1532621589 20.2551555324 40.2639809376 40.3065243178 40.5103110648
92853280 8 72820.902 73765.993 74303.865 19.9942826662 20.1400729466 20.4014567136 39.9885653324 40.2801458932 40.8029134272
102138592 8 81766.129 85948.944 92730.999 17.62320572 19.0138167608 19.9864845259 35.24641144 38.0276335216 39.9729690518
112352448 8 88370.085 89071.989 90575.933 19.8467640184 20.1818684884 20.342168597 39.6935280369 40.3637369768 40.684337194
123587680 8 97132.921 99890.947 100890.875 19.5994224453 19.7956165137 20.3577001458 39.1988448906 39.5912330274 40.7154002915
135946432 4 53403.854 54047.823 54727.077 19.8726392056 20.1223915346 20.3650368754 39.7452784113 40.2447830692 40.7300737509
149541056 4 50385.952 59310.913 59804.916 20.003847978 20.1704608391 23.7432935275 40.007695956 40.3409216783 47.4865870551
164495136 4 58684.111 65798.998 72798.014 18.0768817127 19.9997131871 22.4244870643 36.1537634255 39.9994263742 44.8489741286
180944640 4 56589.127 67336.082 72082.043 20.0820767525 21.4974955032 25.5801281402 40.1641535049 42.9949910065 51.1602562803
199039104 4 67296.982 78856.945 89751.005 17.7414484885 20.1924235335 23.6609842623 35.482896977 40.3848470671 47.3219685245
218943008 4 77789.068 87660.074 87960.958 19.9127442882 19.9810926922 22.5165837441 39.8254885764 39.9621853844 45.0331674883
240837280 4 86253.166 111819.029 112355.947 17.1481643068 17.2305041211 22.337710363 34.2963286136 34.4610082422 44.675420726
264920992 4 90714.931 97341.776 111978.054 18.9266366068 21.7724395741 23.3629449159 37.8532732137 43.5448791483 46.7258898317
291413088 2 48814.058 50151.11 56308.985 20.7010009504 23.2428026419 23.8794396483 41.4020019008 46.4856052837 47.7588792966
320554368 2 53349.972 54708.004 72420.12 17.7052657742 23.437474926 24.034079568 35.4105315484 46.8749498519 48.0681591361
352609792 2 69894.075 71940.899 78871.012 17.8828587618 19.6055260305 20.179667132 35.7657175237 39.2110520609 40.359334264
387870752 2 77399.015 79823.017 88335.037 17.5636198352 19.4365368074 20.0452552012 35.1272396705 38.8730736148 40.0905104025
426657824 2 74413.061 75270.891 84522.009 20.191560946 22.6731911012 22.9345665004 40.383121892 45.3463822024 45.8691330007
469323584 2 83000.898 91894.15 102160.931 18.3758538379 20.4288775292 22.6177593404 36.7517076758 40.8577550584 45.2355186808
516255936 2 95204.115 102454.185 102565.05 20.1337955181 20.1555821658 21.6904883156 40.2675910361 40.3111643316 43.3809766311
567881504 1 42666.912 56426.048 67266.941 16.8844158976 20.1283458306 26.6192924391 33.7688317951 40.2566916613 53.2385848781
624669632 1 67306.995 69177.866 72320.938 17.2749316941 18.059812137 18.5618042226 34.5498633881 36.119624274 37.1236084452
687136576 1 52836.18 67033.052 76490.879 17.9664970512 20.5014259533 26.0100777914 35.9329941025 41.0028519065 52.0201555828
755850208 1 68677.902 74383.974 76283.932 19.8167605729 20.3229316035 22.0114530581 39.6335211457 40.645863207 44.0229061161
831435200 1 77064.037 81317.902 84462.166 19.6877546332 20.449007649 21.5777743385 39.3755092665 40.898015298 43.155548677
914578720 1 85276.842 94940.901 101971.865 17.9378639392 19.2662742899 21.4496385783 35.8757278785 38.5325485799 42.8992771566
1006036576 1 76785.803 98308.086 106582.165 18.8781411224 20.4670158261 26.2037131005 37.7562822448 40.9340316523 52.4074262009

META_DATA
ERT_VERSION  1.1.0
TIMESTAMP_DATA  1494195357.35
TIMESTAMP_DATA  1494195289.17
UNAME  ('Linux', 'c4ba798bf1f2', '4.9.12-moby', '#1 SMP Tue Feb 28 12:11:36 UTC 2017', 'x86_64', 'x86_64')
FLOPS          32
OPENMP_THREADS 4
CONFIG  {'ERT_WORKING_SET_MIN': ['1'], 'ERT_CFLAGS': ['-Ofast', '-march=native'], 'ERT_CC': ['cc'], 'ERT_MPI_CFLAGS': [], 'ERT_MPI_LDFLAGS': [], 'ERT_MEMORY_MAX': ['1073741824', '#', '1GB'], 'ERT_LDFLAGS': [], 'ERT_LDLIBS': [], 'ERT_RUN': ['export', 'OMP_NUM_THREADS=ERT_OPENMP_THREADS', ';', './ERT_CODE'], 'ERT_FLOPS': ['1,4,16,32,64'], 'ERT_OPENMP_CFLAGS': ['-fopenmp'], 'ERT_MPI': ['False'], 'ERT_TRIALS_MIN': ['1'], 'ERT_DRIVER': ['driver1'], 'ERT_RESULTS': ['Results'], 'ERT_OPENMP': ['True'], 'ERT_OPENMP_THREADS': ['1,2,4,8', '#', ',16'], 'ERT_KERNEL': ['kernel1'], 'ERT_GPU': [False], 'ERT_LD': ['cc'], 'ERT_NUM_EXPERIMENTS': ['3'], 'ERT_OPENMP_LDFLAGS': ['-fopenmp'], 'ERT_ALIGN': ['64'], 'ERT_GNUPLOT': ['gnuplot']}
HOSTNAME  ('c4ba798bf1f2', [], ['172.17.0.9'])
TIMESTAMP_DATA  1494195323.36
