64 16777216 145125.866 190264.94 199157.0 10.7828680287 11.2868069546 14.7973873107 0.673929251796 0.70542543466 0.924836706918
128 8388608 48538.923 70769.072 101193.905 21.2214722616 30.344945713 44.2425071525 1.32634201635 1.89655910706 2.76515669703
192 4194304 14569.998 14986.038 50120.115 32.1350566734 107.474219403 110.54309932 2.00844104208 6.71713871271 6.90894370747
256 4194304 19480.944 29672.861 31359.911 68.4786269961 72.371978152 110.235091688 4.27991418726 4.5232486345 6.88969323047
320 2097152 6362.2 26093.006 29082.06 46.1513826737 51.4382007194 210.961189526 2.88446141711 3.21488754496 13.1850743454
384 2097152 13348.103 30067.921 40286.064 39.9794017107 53.5658164061 120.66229456 2.49871260692 3.34786352538 7.54139340998
448 2097152 23207.903 27848.959 35784.006 52.5108393957 67.4728341551 80.9658758053 3.28192746223 4.2170521347 5.06036723783
512 2097152 20503.044 31756.878 51198.006 41.9446735484 67.6226311667 104.739747327 2.62154209678 4.22641444792 6.54623420795
576 1048576 6947.041 7272.005 27792.931 43.4628342005 166.110935292 173.881160627 2.71642713753 10.3819334558 10.8675725392
640 1048576 7813.931 9017.944 15532.017 86.4135855633 148.834066834 171.76722958 5.40084909771 9.30212917712 10.7354518488
704 1048576 8392.096 9807.11 11835.098 124.747172182 150.543331114 175.926849264 7.79669826139 9.40895819462 10.995428079
768 1048576 9326.22 9425.163 19514.084 82.535912831 170.884337597 172.697270277 5.15849455193 10.6802710998 10.7935793923
832 1048576 10294.914 10717.869 19805.193 88.099644573 162.796397679 169.484705166 5.50622778581 10.174774855 10.5927940729
896 1048576 10596.991 10837.078 25426.149 73.9021938399 173.390667853 177.319032544 4.61888711499 10.8369167408 11.082439534
960 1048576 14513.969 20329.952 22614.002 89.0274052333 99.0295461593 138.712292964 5.56421282708 6.18934663496 8.66951831026
1024 1048576 3887.177 3890.991 7611.036 282.153920701 551.911748961 552.453270844 17.6346200438 34.49448431 34.5283294278
1088 524288 1950.979 2022.982 2075.911 549.566281021 563.945051414 584.75805634 34.3478925638 35.2465657134 36.5473785212
1152 524288 2005.1 2018.213 3814.936 316.639532616 598.52926921 602.44354496 19.7899707885 37.4080793256 37.65272156
1216 524288 1967.907 2114.058 4060.03 314.053939503 603.137859037 647.931236588 19.6283712189 37.6961161898 40.4957022867
1280 524288 2754.927 2876.043 5272.15 254.578735431 466.674969741 487.191595276 15.9111709644 29.1671856088 30.4494747048
1408 524288 3274.918 3600.121 6678.104 221.07996641 410.095940664 450.81892371 13.8174979006 25.6309962915 28.1761827319
1536 524288 4070.044 4358.053 8167.982 197.186127002 369.571626596 395.723666869 12.3241329376 23.0982266622 24.7327291793
1664 524288 4780.054 4804.134 7193.089 242.570398337 363.193546225 365.023170031 15.160649896 22.6995966391 22.8139481269
1792 524288 5630.97 5671.978 10897.875 172.423357031 331.286227133 333.698846202 10.7764598144 20.7053891958 20.8561778876
1920 524288 6079.912 6105.9 6402.016 314.473740772 329.724679408 331.134055888 19.6546087982 20.607792463 20.695878493
2112 262144 1554.966 1610.994 3005.981 368.364356262 687.337293621 712.103194539 23.0227722664 42.9585808513 44.5064496587
2304 262144 1840.115 1882.076 3540.039 341.227752576 641.8229402 656.458727851 21.326734536 40.1139337625 41.0286704907
2496 262144 2127.171 2148.151 3977.06 329.042772299 609.18568946 615.194005559 20.5651732687 38.0741055913 38.4496253475
2688 262144 2624.035 2741.098 5125.046 274.980194129 514.131980688 537.068348555 17.1862621331 32.133248793 33.5667717847
2944 262144 3467.083 3479.958 6520.987 236.697891285 443.540948483 445.188036168 14.7936182053 27.7213092802 27.8242522605
3200 262144 2542.019 2885.103 4549.026 368.808971415 581.511855903 659.995696334 23.0505607134 36.3444909939 41.2497310209
3520 262144 2650.976 2748.013 5518.198 334.437756673 671.573882656 696.156343928 20.9023597921 41.973367666 43.5097714955
3840 262144 3167.868 3370.047 6250.858 322.078332287 597.399953176 635.527086356 20.1298957679 37.3374970735 39.7204428972
4224 131072 1592.875 1612.902 3034.83 364.862696098 686.524200478 695.155775563 22.8039185061 42.9077625299 43.4472359727
4608 131072 1837.015 1860.857 3535.986 341.618872925 649.141525652 657.566515243 21.3511795578 40.5713453532 41.0979072027
5056 131072 2146.006 2167.94 4133.94 320.614247909 611.363812652 617.612468931 20.0383904943 38.2102382907 38.6007793082
5504 131072 2100.945 2263.069 3977.06 362.790748945 637.559250734 686.757899897 22.6744218091 39.8474531709 42.9223687436
6016 131072 2469.063 3477.097 4660.845 338.363173201 453.556027916 638.727445999 21.1476983251 28.3472517448 39.9204653749
6592 131072 2347.946 2511.024 4845.142 356.656883947 688.186671254 735.985089947 22.2910552467 43.0116669534 45.9990681217
7232 131072 2566.099 2593.994 4990.101 379.917241755 730.851886319 738.796674641 23.7448276097 45.6782428949 46.1747921651
7936 131072 3038.168 3052.95 5904.913 352.312520777 681.431004111 684.746460367 22.0195325486 42.5894377569 42.7966537729
8704 65536 1603.127 1689.911 3237.009 352.439763992 675.095131045 711.640866881 22.0274852495 42.1934456903 44.47755418
9536 65536 1786.947 1816.988 3445.864 362.725456373 687.898099492 699.462598499 22.6703410233 42.9936312183 43.7164124062
10432 65536 1892.805 1940.966 3687.859 370.768813016 704.465252869 722.389841531 23.1730508135 44.0290783043 45.1493650957
11456 65536 2061.844 2085.924 4034.042 372.222409187 719.854046456 728.261125478 23.2639005742 44.9908779035 45.5163203424
12544 65536 2299.07 2483.13 4325.867 380.078067125 662.134953869 715.144457542 23.7548791953 41.3834346168 44.6965285963
13760 65536 2368.927 2375.126 4868.984 370.416234681 759.349491353 761.336554482 23.1510146675 47.4593432096 47.5835346551
15104 65536 2768.04 2785.921 5335.093 371.073472946 710.612931235 715.203352553 23.1920920591 44.4133082022 44.7002095345
16576 32768 1532.078 1547.098 2927.065 371.131059953 702.169310541 709.053152646 23.195691247 43.8855819088 44.3158220404
18176 32768 1700.878 1713.991 3281.832 362.96261844 694.975840597 700.33378996 22.6851636525 43.4359900373 43.7708618725
19968 32768 1841.784 1888.99 3486.156 375.377019273 692.763248085 710.519174887 23.4610637046 43.2977030053 44.4074484304
21952 32768 1989.126 2017.021 3848.076 373.861189852 713.252996374 723.255476023 23.3663243657 44.5783122734 45.2034672514
24128 32768 2095.938 2208.948 4253.864 371.721476756 715.839670286 754.436728567 23.2325922973 44.7399793929 47.1522955355
26496 32768 2298.117 2407.074 4655.123 373.017395244 721.391139616 755.593320967 23.3135872027 45.086946226 47.2245825604
29120 32768 3082.037 3137.112 5081.892 375.531065989 608.332861562 619.203572183 23.4706916243 38.0208038476 38.7002232614
32000 32768 2838.135 2877.951 5661.011 370.455383323 728.696214772 738.919043668 23.1534614577 45.5435134233 46.1824402292
35200 16384 1626.015 1786.947 1821.041 633.39243872 645.477230158 709.362213756 39.58702742 40.3423268849 44.3351383597
38720 16384 1917.839 1986.027 3585.1 353.902808848 638.851818228 661.565939581 22.118925553 39.9282386393 41.3478712238
42560 16384 2045.155 2048.016 3906.012 357.040910269 680.954680042 681.907278421 22.3150568918 42.5596675026 42.6192049013
46784 16384 2213.955 2218.962 4796.982 319.579709075 690.871728313 692.434178653 19.9737318172 43.1794830195 43.2771361658
51456 16384 2228.022 2382.04 4726.171 356.760305118 707.842944703 756.774487864 22.2975190699 44.2401840439 47.2984054915
56576 16384 2578.02 2619.982 4920.959 376.731927252 707.593551406 719.110933197 23.5457454533 44.2245969629 44.9444333248
62208 16384 2798.08 2835.989 5424.976 375.749449214 718.772796368 728.510887466 23.4843405759 44.923299773 45.5319304666
68416 8192 1673.937 1703.978 3103.971 361.127002797 657.829939119 669.635562151 22.5704376748 41.1143711949 41.8522226344
75200 8192 1688.957 1781.94 6675.959 184.554279018 691.424402617 729.489738341 11.5346424386 43.2140251636 45.5931086463
82688 8192 1976.013 2020.121 6026.983 224.782481052 670.633190784 685.60287407 14.0489050658 41.914574424 42.8501796294
90944 8192 2013.206 2057.076 2060.89 723.001468298 724.34197667 740.126194736 45.1875917686 45.2713735419 46.257887171
100032 8192 2317.905 2392.054 2418.995 677.522809266 685.153549209 707.071380406 42.3451755791 42.8220968256 44.1919612754
110016 8192 2538.919 2590.179 5089.998 354.126297103 695.898678817 709.948660828 22.1328935689 43.4936674261 44.3717913017
120960 8192 2722.979 2768.04 11067.152 179.071240731 715.960983223 727.809006239 11.1919525457 44.7475614514 45.4880628899
133056 4096 1590.014 1641.989 6144.047 177.406642885 663.825855106 685.525254495 11.0879151803 41.4891159441 42.8453284059
146304 4096 1775.98 1852.989 3432.035 349.216242841 646.804901702 674.851275352 21.8260151776 40.4253063564 42.1782047095
160896 4096 1886.129 1938.105 3513.098 375.184532854 680.076689343 698.817542172 23.4490333034 42.504793084 43.6760963858
176960 4096 2097.13 2132.893 4065.99 356.532190192 679.666687452 691.257251577 22.283261887 42.4791679658 43.2035782236
194624 4096 2254.009 2279.997 6564.14 242.889366772 699.281537651 707.344029239 15.1805854232 43.7050961032 44.2090018274
214080 4096 2469.063 2480.03 7165.194 244.758670875 707.146026459 710.287003612 15.2974169297 44.1966266537 44.3929377258
235456 4096 2765.894 3142.834 7977.009 241.801852298 613.731285839 697.371465429 15.1126157686 38.358205365 43.5857165893
258944 4096 2902.031 3011.942 5989.79 354.147515689 704.286220651 730.960230266 22.1342197306 44.0178887907 45.6850143916
284800 2048 2115.965 2169.847 3992.081 292.213710093 537.614311055 551.304393031 18.2633568808 33.6008944409 34.4565245644
313280 2048 2880.096 4928.827 8265.972 155.238232116 260.344881247 445.53892648 9.70238950725 16.2715550779 27.846182905
344576 2048 3058.91 14985.085 15061.14 93.7102567269 94.1858718853 461.400726403 5.85689104543 5.88661699283 28.8375454002
379008 2048 3455.162 13170.004 16433.954 94.4639840175 117.875193356 449.303612392 5.90399900109 7.36719958475 28.0814757745
416896 2048 3753.901 3771.067 4545.927 375.634280093 452.817734609 454.888399028 23.4771425058 28.3011084131 28.4305249393
458560 2048 4029.989 4090.071 4127.026 455.112654972 459.224732285 466.071187787 28.4445409358 28.7015457678 29.1294492367
504384 2048 4467.964 4499.912 4502.058 458.891658881 459.110503494 462.393355005 28.6807286801 28.6944064684 28.8995846878
554816 1024 2501.011 2567.053 2567.053 442.633310648 442.633310648 454.321539569 27.6645819155 27.6645819155 28.3950962231
610240 1024 2653.122 2699.852 2773.046 450.685462845 462.903714722 471.056935942 28.1678414278 28.9314821701 29.4410584964
671232 1024 2936.84 2979.04 3040.791 452.080769773 461.45172136 468.082406941 28.2550481108 28.840732585 29.2551504338
738304 1024 3216.982 3315.926 9890.079 152.88518848 455.995276131 470.020221437 9.55532428002 28.4997047582 29.3762638398
812096 1024 3615.856 3698.111 3758.907 442.461760294 449.735718587 459.966494241 27.6538600184 28.1084824117 28.7479058901
893248 1024 3867.149 3883.839 3988.028 458.715912727 471.021559854 473.054413988 28.6697445454 29.4388474908 29.5659008743
982528 1024 4357.1 4405.022 4410.028 456.282214988 456.800747874 461.824916573 28.5176384368 28.5500467421 28.8640572858
1080768 512 2526.045 2527.952 2673.149 414.008509066 437.787755464 438.118256801 25.8755318166 27.3617347165 27.38239105
1188800 512 2743.006 2802.849 2888.918 421.379630713 434.319223048 443.794581565 26.3362269196 27.1449514405 27.7371613478
1307648 512 2985.001 3120.899 3149.986 425.091270882 429.053151672 448.586634309 26.5682044301 26.8158219795 28.0366646443
1438400 512 3271.818 3435.135 9468.794 155.555353723 428.781285161 450.184454025 9.72220960769 26.7988303225 28.1365283766
1582208 512 3542.9 3810.167 10526.896 153.908710792 425.225716353 457.303619069 9.61929442449 26.5766072721 28.5814761918
1740416 512 3923.893 4065.037 18160.82 98.1335635726 438.418145763 454.188221748 6.13334772329 27.4011341102 28.3867638593
1914432 512 4528.046 9439.945 20652.056 94.9241261015 207.668409932 432.941354394 5.93275788135 12.9792756208 27.0588346496
2105856 256 2652.168 2815.008 7008.076 153.850824677 383.017835829 406.534681061 9.61567654232 23.9386147393 25.4084175663
2316416 256 3037.93 3162.861 14333.01 82.7464009304 374.97853747 390.399051986 5.17165005815 23.4361585919 24.3999407491
2548032 256 3493.071 3535.032 3654.003 357.031010648 369.046838614 373.480064963 22.3144381655 23.0654274134 23.3425040602
2802816 256 4116.058 4245.996 4520.893 317.424409735 337.975304734 348.644696455 19.8390256084 21.1234565459 21.7902935284
3083072 256 4547.119 4883.051 17667.77 89.345336961 323.267740599 347.150110652 5.58408356006 20.2042337874 21.6968819158
3391360 256 5165.1 5423.069 10166.883 170.787479309 320.183335303 336.174772996 10.6742174568 20.0114584565 21.0109233122
3730496 256 5794.048 5850.077 22422.075 85.1845314049 326.493814013 329.651040516 5.3240332128 20.4058633758 20.6031900323
4103488 256 6255.865 6340.027 6979.942 301.003340142 331.384370445 335.842582281 18.8127087589 20.7115231528 20.9901613925
4513792 128 3544.092 3553.152 3937.006 293.504950716 325.212867899 326.044231357 18.3440594198 20.3258042437 20.3777644598
4965120 128 3832.102 4095.793 11471.987 110.797782459 310.335683468 331.690210751 6.9248614037 19.3959802168 20.7306381719
5461632 128 4148.006 4234.076 12817.86 109.0804387 330.220287024 337.072268459 6.81752741877 20.638767939 21.0670167787
6007744 128 4580.021 4637.957 18074.989 85.0889847844 331.607745393 335.802491735 5.31806154903 20.7254840871 20.9876557335
6608512 128 5216.837 7489.92 19927.979 84.8946635281 225.874117748 324.292108801 5.30591647051 14.1171323592 20.2682568
7269312 128 5702.972 22582.054 22768.974 81.7315647161 82.4080870589 326.311241227 5.10822279476 5.15050544118 20.3944525767
7996224 128 6305.933 25697.947 26266.813 77.9323073568 79.6574661781 324.620217817 4.8707692098 4.97859163613 20.2887636136
8795840 64 3823.042 14734.03 18059.969 62.3405012489 76.41273433 294.495200419 3.89628132806 4.77579589562 18.4059500262
9675392 64 4268.885 20140.886 22175.074 55.8487505386 61.4893593062 290.110924984 3.49054690866 3.84308495664 18.1319328115
10642880 64 5009.174 9961.843 21078.825 64.6283006762 136.750663507 271.958738107 4.03926879226 8.54691646917 16.9974211317
11707136 64 6380.796 6633.043 26183.844 57.2304589044 225.916432021 234.847409007 3.57690368152 14.1197770013 14.6779630629
12877824 64 7533.073 27614.832 33113.003 49.7798847178 59.6911642265 218.816606715 3.11124279486 3.73069776416 13.6760379197
14165568 64 21994.829 40504.932 41213.989 43.9945937774 44.7647388718 82.4372266772 2.74966211109 2.79779617949 5.15232666733
15582080 64 18070.221 51713.943 54731.846 36.4414209599 38.5680558143 110.375309743 2.27758881 2.41050348839 6.89845685894
17140288 32 13953.924 20681.143 34631.014 31.676185745 53.0424470253 78.6143332872 1.97976160906 3.31515293908 4.91339583045
18854272 32 11435.986 41866.064 43467.999 27.760040392 28.8222319633 105.515467403 1.7350025245 1.80138949771 6.59471671266
20739648 32 48006.058 50140.858 52525.997 25.2701052395 26.4721730928 27.6493744185 1.57938157747 1.6545108183 1.72808590116
22813568 32 22825.956 53774.834 57703.018 25.3031540222 27.1515176039 63.9652662083 1.58144712639 1.69696985025 3.99782913802
25094912 32 34898.996 44027.805 65870.047 24.3824688329 36.4786381697 46.0206467831 1.52390430206 2.2799148856 2.87629042394
27604352 32 43977.976 60181.141 74515.82 23.7087712113 29.3560158323 40.1718925855 1.4817982007 1.83475098952 2.51074328659
30364736 32 47901.154 55680.037 80373.049 24.17903922 34.9019722095 40.569859841 1.51118995125 2.1813732631 2.53561624006
33401152 32 59351.921 65338.85 89673.996 23.8382789142 32.7167332758 36.0169256864 1.48989243214 2.04479582974 2.2510578554
36741248 16 19886.017 51354.885 52083.015 22.5739607432 22.8940233436 59.1229473454 1.41087254645 1.43087645898 3.69518420909
40415360 16 22171.974 56280.851 56907.892 22.726048612 22.9792459961 58.3300124743 1.42037803825 1.43620287476 3.64562577964
44456896 16 35343.885 61979.055 62051.058 22.926614273 22.9532488354 40.2508290189 1.43291339206 1.43457805221 2.51567681368
48902528 16 40297.985 60199.976 69041.014 22.665960497 25.9947096324 38.8327331007 1.41662253107 1.62466935203 2.42704581879
53792768 16 63521.147 76795.816 77440.023 22.228409927 22.414874477 27.0991418968 1.38927562044 1.40092965481 1.69369636855
59172032 16 49311.161 50469.875 83801.985 22.5949901306 37.5175294966 38.3991166625 1.41218688316 2.34484559353 2.3999447914
65089216 16 72567.225 82823.992 92056.99 22.6257116597 25.1479657247 28.7024191982 1.41410697873 1.57174785779 1.79390119989
71598080 8 51645.994 51711.082 52932.024 21.6422723605 22.1532645556 22.1811836945 1.35264202253 1.38457903472 1.38632398091
78757888 8 56715.012 56723.833 59077.978 21.3298804505 22.2151103223 22.2185654832 1.33311752816 1.38844439515 1.3886603427
86633664 8 31848.907 32531.977 62864.065 22.0497771501 42.6084963727 43.522329479 1.37811107188 2.66303102329 2.72014559244
95297024 8 43377.876 44197.083 67965.031 22.4343660492 34.4989370452 35.1504620466 1.40214787808 2.15618356533 2.19690387791
104826688 8 55516.005 76725.006 77914.0 21.5266448649 21.8602395157 30.2115940799 1.34541530405 1.36626496973 1.88822463
115309312 8 82429.886 83775.043 84733.963 21.7734297639 22.0226564611 22.3820398344 1.36083936025 1.37641602882 1.39887748965
126840192 8 69705.009 91229.2 93996.048 21.5907276442 22.2455427867 29.1147379667 1.34942047776 1.39034642417 1.81967112292
139524160 4 18379.927 38841.009 51280.022 21.7666302873 28.7374944353 60.7289289016 1.36041439296 1.79609340221 3.79555805635
153476544 4 25243.044 34535.17 55866.003 21.9778091517 35.552520865 48.6396312584 1.37361307198 2.22203255406 3.03997695365
168824192 4 52905.083 61046.839 61490.059 21.9644208831 22.1238897562 25.5286157665 1.37277630519 1.38274310976 1.5955384854
185706560 4 66689.968 67511.082 68137.884 21.8036192612 22.0060534654 22.2770009426 1.36272620383 1.37537834159 1.39231255891
204277184 4 74409.008 74748.039 76225.042 21.4393777835 21.8630146538 21.9626294709 1.33996111147 1.36643841586 1.37266434193
224704896 4 81021.07 81560.135 86574.793 20.7640019191 22.0406595453 22.1873047098 1.29775011995 1.37754122158 1.38670654436
247175360 4 61662.912 67574.024 89537.144 22.0847213979 29.2627664145 32.0679451532 1.38029508737 1.82892290091 2.00424657207
271892864 2 49000.025 50221.92 50242.901 21.6462711021 21.6553141736 22.1953245126 1.35289194388 1.35345713585 1.38720778204
299082112 2 46263.933 54409.981 55338.86 21.6182344197 21.9872976614 25.8587709782 1.35113965123 1.37420610384 1.61617318614
328990272 2 17071.962 60474.873 60796.976 21.6451734047 21.760460547 77.0831781373 1.35282333779 1.36002878419 4.81769863358
361889280 2 65709.829 66144.943 68010.092 21.2844458437 21.8846226839 22.0295371641 1.33027786523 1.36778891774 1.37684607275
398078208 2 72069.883 72963.953 73134.899 21.7722708826 21.8232807644 22.0940116137 1.36076693016 1.36395504778 1.38087572586
437886016 2 79195.023 79251.051 80003.023 21.8934735004 22.1012092824 22.1168451962 1.36834209377 1.38132558015 1.38230282476
481674560 2 72932.005 86904.049 87090.969 22.1228246984 22.1704081935 26.4177330652 1.38267654365 1.3856505121 1.65110831658
529841984 2 88602.066 95201.969 96795.082 21.895409273 22.2618077994 23.9200735567 1.36846307956 1.39136298746 1.4950045973
582826176 1 33284.903 52835.941 53807.974 21.6631897718 22.0617316535 35.0204521251 1.35394936074 1.37885822834 2.18877825782
641108736 1 44013.977 57575.941 58279.991 22.0009895334 22.2700219871 29.1320521206 1.37506184584 1.3918763742 1.82075325754
705219584 1 63537.121 64505.1 64610.004 21.8300430379 21.8655450189 22.1986634868 1.36437768987 1.36659656368 1.38741646793
775741504 1 39658.07 70001.841 70494.89 22.0084463994 22.1634600724 39.1214955241 1.37552789997 1.38521625453 2.44509347026
853315648 1 44085.026 77726.126 78511.0 21.7374800474 21.9569838847 38.7122669725 1.35859250296 1.37231149279 2.41951668578
938647168 1 48275.948 84027.052 85752.01 21.8921321611 22.3415470532 38.8867420273 1.36825826007 1.39634669083 2.43042137671
1032511872 1 61536.074 92597.961 94061.852 21.9538920412 22.3009634521 33.5579378041 1.37211825257 1.39381021576 2.09737111276

META_DATA
ERT_VERSION  1.1.0
OPENMP_THREADS 8
HOSTNAME  ('c4ba798bf1f2', [], ['172.17.0.9'])
UNAME  ('Linux', 'c4ba798bf1f2', '4.9.12-moby', '#1 SMP Tue Feb 28 12:11:36 UTC 2017', 'x86_64', 'x86_64')
TIMESTAMP_DATA  1494194494.27
FLOPS          1
CONFIG  {'ERT_WORKING_SET_MIN': ['1'], 'ERT_CFLAGS': ['-Ofast', '-march=native'], 'ERT_CC': ['cc'], 'ERT_MPI_CFLAGS': [], 'ERT_MPI_LDFLAGS': [], 'ERT_MEMORY_MAX': ['1073741824', '#', '1GB'], 'ERT_LDFLAGS': [], 'ERT_LDLIBS': [], 'ERT_RUN': ['export', 'OMP_NUM_THREADS=ERT_OPENMP_THREADS', ';', './ERT_CODE'], 'ERT_FLOPS': ['1,4,16,32,64'], 'ERT_OPENMP_CFLAGS': ['-fopenmp'], 'ERT_MPI': ['False'], 'ERT_TRIALS_MIN': ['1'], 'ERT_DRIVER': ['driver1'], 'ERT_RESULTS': ['Results'], 'ERT_OPENMP': ['True'], 'ERT_OPENMP_THREADS': ['1,2,4,8', '#', ',16'], 'ERT_KERNEL': ['kernel1'], 'ERT_GPU': [False], 'ERT_LD': ['cc'], 'ERT_NUM_EXPERIMENTS': ['3'], 'ERT_OPENMP_LDFLAGS': ['-fopenmp'], 'ERT_ALIGN': ['64'], 'ERT_GNUPLOT': ['gnuplot']}
TIMESTAMP_DATA  1494194515.2
TIMESTAMP_DATA  1494194504.82
