16 67108864 1873445.988 1893088.102 1895469.904 1.132955814 1.13438125026 1.14627465203 2.265911628 2.26876250052 2.29254930407
32 33554432 938884.974 945886.85 947955.132 2.26538532838 2.27033883387 2.28727022742 4.53077065677 4.54067766774 4.57454045484
48 16777216 469223.022 470057.011 471078.873 3.4189874102 3.42641998377 3.43251004423 6.83797482041 6.85283996753 6.86502008846
64 16777216 473695.04 475234.032 478019.953 4.49245608792 4.51879180235 4.53347294496 8.98491217583 9.0375836047 9.06694588991
80 8388608 236280.918 237020.969 237065.077 5.66164066418 5.66269425723 5.68043027495 11.3232813284 11.3253885145 11.3608605499
96 8388608 236610.889 236710.072 236820.936 6.80097276535 6.80415802501 6.80701020484 13.6019455307 13.60831605 13.6140204097
112 8388608 237480.879 238374.949 246009.111 7.63812439451 7.88274187318 7.91241888573 15.276248789 15.7654837464 15.8248377715
128 8388608 239053.965 239539.862 239603.996 8.96263703382 8.96503667519 8.98325885538 17.9252740676 17.9300733504 17.9665177108
144 4194304 119554.043 119940.042 120157.003 10.0531764428 10.0713617559 10.1038787287 20.1063528856 20.1427235118 20.2077574574
160 4194304 120250.94 120423.794 130111.933 10.3155586813 11.1454492125 11.1614701723 20.6311173626 22.2908984249 22.3229403446
176 4194304 121200.085 121928.93 122420.788 12.0600024891 12.1086522124 12.1814684206 24.1200049782 24.2173044248 24.3629368412
192 4194304 119746.923 119791.031 122672.081 13.1294156166 13.4451863596 13.4501388065 26.2588312332 26.8903727191 26.900277613
208 4194304 120278.835 120336.056 120629.072 14.4644274806 14.4996480855 14.5065460935 28.9288549613 28.999296171 29.013092187
224 4194304 121288.061 121791.84 129214.048 14.5421354805 15.4283586815 15.492441519 29.084270961 30.856717363 30.9848830381
240 4194304 130595.922 130937.099 188879.967 10.6589700961 15.3758249982 15.4159937705 21.3179401921 30.7516499965 30.8319875409
256 4194304 120550.871 121353.149 130825.043 16.4149278973 17.6961509915 17.8139206311 32.8298557945 35.392301983 35.6278412621
272 2097152 61455.965 61878.92 66979.885 17.032735843 18.4368228793 18.563709609 34.065471686 36.8736457585 37.127419218
288 2097152 66556.931 67279.816 67652.941 17.8552407943 17.9542636086 18.1492676097 35.7104815887 35.9085272171 36.2985352194
304 2097152 76839.924 77337.027 77921.152 16.3635724482 16.4871661798 16.593827136 32.7271448964 32.9743323596 33.187654272
320 2097152 61235.189 62299.967 63150.883 21.2534998125 21.5437879766 21.9183985861 42.506999625 43.0875759533 43.8367971723
352 2097152 76965.094 77087.164 78216.791 18.8756785995 19.152280761 19.1826571147 37.751357199 38.3045615221 38.3653142293
384 2097152 66599.131 66989.899 67842.007 23.7406410456 24.0426207539 24.1836899644 47.4812820912 48.0852415078 48.3673799287
416 2097152 88522.911 88935.852 89436.054 19.5092514256 19.6189773276 19.7104957834 39.0185028512 39.2379546552 39.4209915668
448 2097152 77546.12 78111.887 78149.08 24.0444057947 24.0558545462 24.2313631166 48.0888115893 48.1117090924 48.4627262331
480 2097152 98998.07 99220.991 99591.017 20.2153364896 20.29072578 20.3364158513 40.4306729793 40.58145156 40.6728317027
528 1048576 49885.988 49935.818 49937.01 22.1738597485 22.1743890528 22.1965385551 44.347719497 44.3487781055 44.3930771101
576 1048576 49685.955 49761.057 49762.964 24.2742685504 24.2751988166 24.3118916 48.5485371008 48.5503976332 48.6237831999
624 1048576 65648.079 65708.876 74008.942 17.6819558912 19.9154654236 19.9339092314 35.3639117824 39.8309308472 39.8678184627
672 1048576 66356.182 66962.957 67359.924 20.9217300186 21.0457573431 21.2382042113 41.8434600372 42.0915146862 42.4764084227
736 1048576 71423.054 71553.946 73008.06 21.1415543982 21.5711915035 21.6107235067 42.2831087965 43.1423830071 43.2214470135
800 1048576 77420.95 77839.136 78006.983 21.5073258249 21.5537027544 21.6701241718 43.0146516498 43.1074055087 43.3402483436
880 1048576 87605.0 87726.116 87825.06 21.0132934723 21.0369938184 21.0660779636 42.0265869445 42.0739876367 42.1321559272
960 1048576 82888.126 82921.028 82995.892 24.2574164996 24.2793169424 24.2889544879 48.5148329992 48.5586338848 48.5779089758
1056 524288 49526.93 49540.043 49839.02 22.2174564428 22.3515400663 22.3574579729 44.4349128855 44.7030801326 44.7149159457
1152 524288 49758.911 50221.92 58043.003 20.8114585663 24.0524367049 24.2762457563 41.6229171327 48.1048734099 48.5524915125
1264 524288 60206.89 60427.904 60467.005 21.9193932956 21.933576647 22.0140928057 43.8387865911 43.8671532939 44.0281856113
1376 524288 63421.011 63620.09 63883.066 22.5856501001 22.6790087219 22.75019829 45.1713002003 45.3580174439 45.5003965799
1504 524288 68734.169 68835.02 69245.1 22.7750166293 22.9106972585 22.9443132425 45.5500332587 45.8213945169 45.888626485
1648 524288 76922.178 77284.098 77793.121 22.2134454279 22.3597517823 22.4649547495 44.4268908558 44.7195035646 44.9299094989
1808 524288 79851.151 80634.117 85755.11 22.1074336911 23.5114549341 23.7419922476 44.2148673822 47.0229098683 47.4839844951
1984 524288 85494.995 85501.194 85775.137 24.2538205914 24.331529031 24.3332932413 48.5076411828 48.6630580621 48.6665864826
2176 262144 47391.891 47438.145 48226.833 23.6559321239 24.0492263768 24.0726981753 47.3118642479 48.0984527536 48.1453963506
2384 262144 52750.111 52901.983 57210.207 21.8475453515 23.6267625733 23.6947860072 43.695090703 47.2535251467 47.3895720144
2608 262144 59667.11 59695.005 60307.98 22.6726729033 22.9054860453 22.9161946003 45.3453458066 45.8109720905 45.8323892007
2864 262144 64670.086 65218.925 65924.883 22.7768448523 23.0233913239 23.2187851428 45.5536897047 46.0467826478 46.4375702856
3136 262144 67631.96 67764.997 79282.045 20.7382033095 24.2627793225 24.3105059797 41.4764066189 48.525558645 48.6210119594
3440 262144 77168.941 77224.97 77376.127 23.3088782022 23.3545020477 23.3714587323 46.6177564044 46.7090040954 46.7429174647
3776 262144 81363.916 81444.979 82304.001 24.0536482303 24.3073484984 24.3315659487 48.1072964606 48.6146969969 48.6631318974
4144 131072 46154.976 46244.144 53838.015 20.1776520921 23.4910767513 23.5364597741 40.3553041842 46.9821535025 47.0729195483
4544 131072 48963.07 49334.049 49950.838 23.8470941368 24.1452376228 24.328179095 47.6941882737 48.2904752456 48.65635819
4992 131072 53598.166 53714.037 53761.005 24.3414878126 24.3627722117 24.4154407821 48.6829756252 48.7255444233 48.8308815641
5488 131072 60518.026 60563.803 60604.095 23.7384333847 23.754226134 23.772194288 47.4768667695 47.5084522681 47.5443885761
6032 131072 65268.04 65283.06 69204.092 22.849120078 24.2214842258 24.2270582662 45.6982401561 48.4429684515 48.4541165324
6624 131072 71936.846 72107.077 72644.949 23.9031327009 24.0814345588 24.1384207476 47.8062654019 48.1628691175 48.2768414951
7280 131072 79547.882 80075.979 80368.996 23.7455787055 23.8324694101 23.9906867665 47.491157411 47.6649388202 47.981373533
8000 131072 85906.982 86014.032 86192.846 24.3309288105 24.3815102168 24.4118923884 48.661857621 48.7630204337 48.8237847769
8800 65536 48931.122 48997.164 49833.059 23.145952168 23.5408237097 23.5725965981 46.291904336 47.0816474194 47.1451931963
9680 65536 53240.061 53321.838 53507.09 23.7123147605 23.7946966494 23.8312454225 47.4246295211 47.5893932989 47.662490845
10640 65536 58330.059 59030.056 59510.946 23.4344464966 23.6253558696 23.9088748393 46.8688929932 47.2507117391 47.8177496786
11696 65536 64375.162 64455.986 65613.031 23.364537328 23.7839525409 23.8138136569 46.7290746559 47.5679050818 47.6276273138
12864 65536 70014.954 70604.086 70819.139 23.8086798542 23.881198717 24.0821440517 47.6173597084 47.7623974341 48.1642881034
14144 65536 76692.82 76766.014 77239.037 24.0018835035 24.14978024 24.1728282778 48.0037670071 48.29956048 48.3456565556
15552 65536 84267.139 84368.944 86827.993 23.4766654574 24.1609251859 24.1901145356 46.9533309148 48.3218503719 48.3802290713
17104 32768 47093.153 47101.974 47361.135 23.6676706333 23.7978931414 23.8023507154 47.3353412666 47.5957862828 47.6047014308
18800 32768 51862.955 57150.841 59818.029 20.597081191 21.5583319238 23.7563941353 41.194162382 43.1166638475 47.5127882705
20672 32768 56380.987 56383.848 56831.837 23.838050352 24.0274518334 24.0286710837 47.6761007039 48.0549036667 48.0573421675
22736 32768 62573.91 62638.998 62901.02 23.68843138 23.7875212499 23.8122645045 47.3768627599 47.5750424999 47.624529009
25008 32768 69021.94 69200.993 71480.036 22.9284200137 23.6835371423 23.744975699 45.8568400273 47.3670742846 47.4899513981
27504 32768 76099.157 76430.082 78408.957 22.9884724012 23.5836740827 23.6862301116 45.9769448024 47.1673481653 47.3724602232
30240 32768 82737.923 82825.184 83318.949 23.7858093961 23.9276092644 23.9528449367 47.5716187923 47.8552185287 47.9056898733
33264 16384 45762.062 45763.016 46688.08 23.3463177753 23.8182455457 23.8187420838 46.6926355507 47.6364910914 47.6374841676
36576 16384 50117.016 50482.988 50539.97 23.7143466448 23.7411138976 23.9144798246 47.4286932897 47.4822277952 47.8289596492
40224 16384 54936.171 55579.901 56766.033 23.219167561 23.7146883727 23.9925718886 46.438335122 47.4293767454 47.9851437771
44240 16384 60595.036 60664.177 60843.945 23.8258107688 23.8964145182 23.9236811411 47.6516215377 47.7928290365 47.8473622823
48656 16384 66926.003 67091.942 67301.989 23.6896387713 23.7638047204 23.8227256452 47.3792775426 47.5276094408 47.6454512904
53520 16384 73127.985 73266.983 73517.799 23.854677151 23.9363392376 23.9818362286 47.7093543021 47.8726784751 47.9636724573
58864 16384 80760.002 80893.993 81290.96 23.727798909 23.8442371364 23.8837977245 47.455597818 47.6884742727 47.767595449
64736 16384 88727.951 88732.004 90193.987 23.518965272 23.9064728889 23.9075649115 47.0379305441 47.8129457777 47.8151298231
71200 8192 48753.977 48937.082 53591.013 21.7674706018 23.8375635065 23.9270900915 43.5349412037 47.6751270131 47.8541801831
78320 8192 53580.999 53766.012 53981.066 23.7712030363 23.866283406 23.9486927073 47.5424060725 47.7325668119 47.8973854146
86144 8192 58921.099 58925.867 68175.077 20.702335195 23.9518460713 23.9537842972 41.40467039 47.9036921425 47.9075685944
94752 8192 65620.899 68670.034 71313.858 21.7687951758 22.6069025683 23.6573529418 43.5375903517 45.2138051366 47.3147058836
104224 8192 71372.986 71425.915 78727.007 21.6902189105 23.9073733392 23.9251026432 43.380437821 47.8147466784 47.8502052864
114640 8192 78986.168 79081.774 79530.954 23.6167387103 23.7508804494 23.7796288586 47.2334774206 47.5017608988 47.5592577171
126096 8192 86423.874 86702.824 87292.91 23.6669491715 23.8280227643 23.9049323801 47.3338983429 47.6560455286 47.8098647603
138704 4096 47394.037 47533.989 47582.865 23.8796711379 23.9042249957 23.9748128652 47.7593422758 47.8084499914 47.9496257303
152560 4096 52460.909 52464.962 52736.998 23.6981923014 23.8210697646 23.8229101215 47.3963846027 47.6421395292 47.645820243
167808 4096 57370.901 59260.845 59444.904 23.1253319208 23.1971571786 23.9613307799 46.2506638416 46.3943143571 47.9226615597
184576 4096 63254.833 63688.993 64266.92 23.5276031899 23.7410974923 23.9040484385 47.0552063799 47.4821949846 47.808096877
203024 4096 69595.814 69823.98 70618.868 23.5513915063 23.8195045313 23.8975954502 47.1027830126 47.6390090625 47.7951909004
223312 4096 76523.066 76568.127 76789.141 23.8233151221 23.8920811528 23.9061501273 47.6466302442 47.7841623056 47.8123002547
245632 4096 83921.909 84043.98 84570.885 23.7932634145 23.9424328072 23.9772589539 47.5865268289 47.8848656144 47.9545179078
270192 2048 46149.969 46260.118 47015.905 23.5389796708 23.9235540212 23.9806538548 47.0779593416 47.8471080424 47.9613077097
297200 2048 50921.917 50961.018 51132.917 23.8071925371 23.8874976948 23.9058399942 47.6143850741 47.7749953896 47.8116799884
326912 2048 55871.01 56015.015 56500.912 23.6992909424 23.9048682215 23.9664819376 47.3985818848 47.809736443 47.9329638752
359600 2048 61486.006 61526.06 62196.97 23.6815651952 23.9398004683 23.9553956391 47.3631303904 47.8796009366 47.9107912783
395552 2048 67641.02 67878.008 69031.0 23.4703392968 23.8690120665 23.9526398626 46.9406785937 47.7380241329 47.9052797252
435104 2048 74588.06 75240.135 77088.118 23.1188155871 23.686639903 23.8937168228 46.2376311742 47.3732798061 47.7874336455
478608 2048 82632.065 83333.969 85018.873 23.0581551934 23.5243609722 23.7241846491 46.1163103868 47.0487219443 47.4483692983
526464 1024 45041.084 45170.069 45179.129 23.864963665 23.8697503871 23.9381066406 47.7299273299 47.7395007743 47.8762132812
579104 1024 49493.074 49571.037 51819.086 22.8874162698 23.925361739 23.9630496986 45.7748325395 47.8507234779 47.9260993973
637008 1024 55130.959 60384.035 61623.096 21.1705102256 21.6049222944 23.6635169724 42.3410204512 43.2098445889 47.3270339448
700704 1024 59875.011 60080.051 61769.962 23.2320329418 23.8854955699 23.9672906615 46.4640658837 47.7709911398 47.9345813231
770768 1024 65938.95 66414.118 68970.203 22.8871714935 23.7680317308 23.9393084664 45.7743429869 47.5360634617 47.8786169328
847840 1024 79643.965 82782.03 108270.884 16.0373339152 20.9752807463 21.8017312423 32.0746678304 41.9505614926 43.6034624846
932624 1024 79790.831 80662.966 119574.07 15.9734794676 23.6789452052 23.9377623727 31.9469589352 47.3578904103 47.8755247454
1025872 1024 88183.88 88945.866 236453.056 8.8854248346 23.6209500282 23.8250557358 17.7708496692 47.2419000564 47.6501114716
1128448 512 48274.04 48522.949 166798.115 6.92772068797 23.8141080832 23.9368975955 13.8554413759 47.6282161663 47.873795191
1241280 512 53010.941 53086.996 76711.893 16.569408866 23.9431652904 23.9775166413 33.138817732 47.8863305808 47.9550332827
1365408 512 58448.076 58890.104 93025.923 15.0299803206 23.7421518563 23.9217077394 30.0599606413 47.4843037126 47.8434154787
1501936 512 65222.025 65858.126 341295.004 4.50631402738 23.3529642796 23.580722371 9.01262805476 46.7059285592 47.161444742
1652128 512 71305.99 71358.919 241426.945 7.00741614404 23.7080255097 23.7256234995 14.0148322881 47.4160510195 47.451246999
1817328 512 77835.798 79581.022 116234.779 16.0102155999 23.3842670681 23.908586021 32.0204311999 46.7685341362 47.8171720421
1999056 512 86621.046 86730.957 123049.021 16.6359173552 23.6021071922 23.6320552398 33.2718347105 47.2042143845 47.2641104796
2198960 256 47363.043 47749.043 66054.106 17.0446258102 23.5788499468 23.7710131927 34.0892516205 47.1576998936 47.5420263854
2418848 256 51923.99 52556.038 71394.92 17.3464747352 23.5643747727 23.8512135913 34.6929494704 47.1287495454 47.7024271825
2660720 256 57491.779 58761.12 81805.944 16.6526852865 23.18350365 23.6953641668 33.3053705731 46.3670073001 47.3907283335
2926784 256 63235.044 64502.001 99823.952 15.011561634 23.2320452818 23.6975150678 30.0231232681 46.4640905636 47.3950301355
3219456 256 69880.962 71818.113 96776.962 17.0325812873 22.9518905906 23.5881336608 34.0651625745 45.9037811812 47.1762673216
3541392 256 78088.999 79586.983 119718.075 15.1455217101 22.7825284444 23.2195664846 30.2910434201 45.5650568888 46.4391329693
3895520 256 89460.135 92722.893 114634.037 17.3989008169 21.5103970063 22.2949165011 34.7978016337 43.0207940125 44.5898330022
4285072 128 49244.881 50091.982 54631.948 20.0794310318 21.8992818451 22.2759890921 40.1588620636 43.7985636903 44.5519781843
4713568 128 54424.047 55858.135 62289.953 19.3718786078 21.6024650304 22.1716956844 38.7437572155 43.2049300608 44.3433913689
5184912 128 61600.924 61822.891 70508.003 18.8253448619 21.4700000361 21.5473630233 37.6506897238 42.9400000721 43.0947260466
5703392 128 69165.945 69427.967 74192.047 19.6795803734 21.0299741601 21.109642209 39.3591607467 42.0599483202 42.2192844181
6273728 128 75793.028 77899.933 79326.153 20.2464673662 20.617146975 21.1902652576 40.4929347324 41.2342939499 42.3805305153
6901088 128 82723.856 85221.052 85828.066 20.5839256357 20.7305411813 21.3563367742 41.1678512714 41.4610823626 42.7126735485
7591184 128 92613.935 93924.999 94811.916 20.4968234584 20.6903713036 20.9832689217 40.9936469167 41.3807426072 41.9665378434
8350288 128 101507.902 104057.074 106703.997 20.0336799755 20.5432811613 21.0591854021 40.0673599509 41.0865623225 42.1183708043
9185312 64 56539.059 57113.171 57801.962 20.340484913 20.585793354 20.7948267409 40.6809698259 41.1715867081 41.5896534819
10103840 64 62207.937 62757.969 64126.968 20.1676698639 20.6076063424 20.7898152932 40.3353397279 41.2152126848 41.5796305864
11114224 64 69412.947 69789.886 70278.168 20.2427113922 20.3843386705 20.4950334698 40.4854227845 40.768677341 40.9900669395
12225632 64 76409.101 76894.045 78552.008 19.9215899866 20.3511324707 20.480294566 39.8431799732 40.7022649413 40.9605891319
13448192 64 85501.194 85612.059 85913.897 20.0359736446 20.1066134387 20.13268465 40.0719472893 40.2132268773 40.2653693
14793008 64 93534.946 93998.194 94796.896 19.9743356998 20.1440574911 20.2438244204 39.9486713995 40.2881149823 40.4876488409
16272304 64 103667.021 103671.074 104727.983 19.8882366712 20.0909938678 20.0917793519 39.7764733424 40.1819877356 40.1835587038
17899520 32 56825.876 58512.926 58732.033 19.5050166236 19.5780549412 20.1592894054 39.0100332471 39.1561098825 40.3185788108
19689472 32 62777.996 63015.938 64683.914 19.4812918711 19.9969443921 20.0727370781 38.9625837422 39.9938887841 40.1454741563
21658416 32 69070.101 69250.107 69594.86 19.9172557284 20.0164112959 20.0685767638 39.8345114567 40.0328225919 40.1371535275
23824256 32 75676.203 76083.899 76224.089 20.0035501113 20.0404080764 20.1483732475 40.0071002226 40.0808161527 40.2967464951
26206672 32 83070.993 83593.13 83981.037 19.9714967559 20.0641728333 20.1902848086 39.9429935117 40.1283456667 40.3805696171
28827328 32 91714.859 91872.931 92283.964 19.9920865125 20.0815296945 20.1161405264 39.9841730249 40.1630593891 40.2322810527
31710048 32 100525.856 101352.93 105063.915 19.3162711669 20.023526424 20.1882694936 38.6325423339 40.0470528479 40.3765389871
34881040 16 55203.915 55227.995 55300.951 20.1839798379 20.210642809 20.2194587105 40.3679596758 40.4212856179 40.438917421
38369136 16 61481.953 61499.119 61934.948 19.8242251208 19.9647144864 19.9702887122 39.6484502417 39.9294289728 39.9405774244
42206048 16 66874.981 67062.14 70188.999 19.2422395994 20.1394339041 20.1957969304 38.4844791988 40.2788678083 40.3915938608
46426640 16 73508.024 74476.957 75525.045 19.6709909938 19.9478139259 20.2107525023 39.3419819876 39.8956278517 40.4215050047
51069296 16 80705.881 81571.102 82240.105 19.8712960301 20.0342698815 20.2490506485 39.7425920602 40.068539763 40.498101297
56176224 16 88518.858 88730.097 91823.101 19.577199511 20.259632625 20.3079796624 39.1543990221 40.51926525 40.6159593247
61793840 16 98723.173 99370.003 99601.984 19.853047104 19.8993943877 20.0297743672 39.7060942079 39.7987887753 40.0595487343
67973216 8 53466.082 54001.093 54178.953 20.0736890578 20.1398045036 20.3413344557 40.1473781156 40.2796090072 40.6826689115
74770528 8 59422.97 60204.029 61022.997 19.6045508548 19.871235661 20.132424347 39.2091017096 39.742471322 40.264848694
82247568 8 64518.929 65660.0 70728.064 18.6059254782 20.0420512945 20.3965116656 37.2118509564 40.0841025891 40.7930233312
90472320 8 70838.928 72155.952 76903.105 18.8231297033 20.0615067763 20.4344865298 37.6462594066 40.1230135526 40.8689730596
99519552 8 77993.87 79187.155 86862.803 18.3313544694 20.1082212387 20.415871555 36.6627089388 40.2164424773 40.8317431101
109471504 8 85903.883 88215.113 89306.831 19.6126549827 19.8553740332 20.3895796422 39.2253099654 39.7107480665 40.7791592843
120418640 8 95525.026 95658.064 95786.095 20.1145922067 20.1415140495 20.1695651985 40.2291844135 40.2830280989 40.3391303971
132460496 8 104799.986 105681.896 106498.003 19.9005415717 20.0542194663 20.2229791901 39.8010831433 40.1084389326 40.4459583802
145706544 4 57850.838 58316.946 58393.955 19.9618668062 19.9882269555 20.1492734124 39.9237336125 39.976453911 40.2985468249
160277184 4 63686.848 63740.015 80893.04 15.8507761854 20.1163660222 20.1331595497 31.7015523709 40.2327320444 40.2663190994
176304896 4 70755.959 70781.946 105574.131 13.3597042632 19.9265384424 19.9338569915 26.7194085263 39.8530768849 39.8677139829
193935376 4 76627.97 77136.04 77284.813 20.0748756162 20.1135942161 20.2469543171 40.1497512325 40.2271884323 40.4939086341
213328912 4 84461.927 84563.017 84877.968 20.1068821063 20.1817692479 20.2059242148 40.2137642126 40.3635384958 40.4118484296
234661792 4 92622.995 92914.104 93492.985 20.0795207897 20.2046218516 20.2681238714 40.1590415794 40.4092437032 40.5362477428
258127968 4 102700.949 103132.963 104678.154 19.7273611073 20.0229265594 20.1071534792 39.4547222145 40.0458531188 40.2143069584
283940752 2 57141.066 57243.109 57586.908 19.7225905583 19.8410433647 19.8764756681 39.4451811165 39.6820867294 39.7529513363
312334816 2 62077.045 62293.053 62457.8 20.0029342052 20.055836146 20.1256239565 40.0058684104 40.1116722919 40.251247913
343568288 2 67941.904 68107.128 68272.114 20.1293481552 20.1781104615 20.2271804452 40.2586963105 40.356220923 40.4543608904
377925104 2 74834.108 75258.017 76139.927 19.8542404171 20.0869020506 20.2006873123 39.7084808342 40.1738041012 40.4013746245
415717600 2 81931.829 82278.013 83698.988 19.8672700798 20.2103859752 20.2957802883 39.7345401596 40.4207719503 40.5915605765
457289360 2 90161.085 90677.023 91379.881 20.0170696217 20.1722264305 20.2876600254 40.0341392434 40.344452861 40.5753200508
503018288 2 99347.83 99418.879 99935.055 20.1338074212 20.2383407683 20.252814299 40.2676148425 40.4766815365 40.505628598
553320112 1 54554.939 55813.789 56033.134 19.7497470693 19.8273624462 20.2848769385 39.4994941386 39.6547248924 40.5697538769
608652112 1 59879.065 60116.053 62186.003 19.5752125121 20.249237321 20.3293792914 39.1504250241 40.498474642 40.6587585828
669517312 1 66127.062 66159.964 66554.07 20.1195001898 20.2393493443 20.2494195795 40.2390003797 40.4786986885 40.4988391591
736469040 1 72707.176 72850.943 73329.926 20.0864525624 20.218517693 20.2584966304 40.1729051247 40.4370353861 40.5169932607
810115936 1 79849.005 80631.018 80796.957 20.0531298722 20.0943993042 20.2911967657 40.1062597444 40.1887986085 40.5823935314
891127520 1 87594.986 88294.983 89217.901 19.9764287214 20.1852356662 20.346541753 39.9528574428 40.3704713324 40.6930835059
980240272 1 96318.007 96798.897 96940.041 20.2236405491 20.2531289587 20.3542474046 40.4472810982 40.5062579174 40.7084948093

META_DATA
ERT_VERSION  1.1.0
TIMESTAMP_DATA  1494195255.38
HOSTNAME  ('c4ba798bf1f2', [], ['172.17.0.9'])
UNAME  ('Linux', 'c4ba798bf1f2', '4.9.12-moby', '#1 SMP Tue Feb 28 12:11:36 UTC 2017', 'x86_64', 'x86_64')
FLOPS          32
TIMESTAMP_DATA  1494195219.32
OPENMP_THREADS 2
CONFIG  {'ERT_WORKING_SET_MIN': ['1'], 'ERT_CFLAGS': ['-Ofast', '-march=native'], 'ERT_CC': ['cc'], 'ERT_MPI_CFLAGS': [], 'ERT_MPI_LDFLAGS': [], 'ERT_MEMORY_MAX': ['1073741824', '#', '1GB'], 'ERT_LDFLAGS': [], 'ERT_LDLIBS': [], 'ERT_RUN': ['export', 'OMP_NUM_THREADS=ERT_OPENMP_THREADS', ';', './ERT_CODE'], 'ERT_FLOPS': ['1,4,16,32,64'], 'ERT_OPENMP_CFLAGS': ['-fopenmp'], 'ERT_MPI': ['False'], 'ERT_TRIALS_MIN': ['1'], 'ERT_DRIVER': ['driver1'], 'ERT_RESULTS': ['Results'], 'ERT_OPENMP': ['True'], 'ERT_OPENMP_THREADS': ['1,2,4,8', '#', ',16'], 'ERT_KERNEL': ['kernel1'], 'ERT_GPU': [False], 'ERT_LD': ['cc'], 'ERT_NUM_EXPERIMENTS': ['3'], 'ERT_OPENMP_LDFLAGS': ['-fopenmp'], 'ERT_ALIGN': ['64'], 'ERT_GNUPLOT': ['gnuplot']}
TIMESTAMP_DATA  1494195185.56
