32 33554432 3618690.014 3640679.836 3643699.169 0.589369085755 0.589857868513 0.593442278751 2.35747634302 2.35943147405 2.373769115
64 16777216 1827045.918 1832638.979 1839257.002 1.16758215174 1.17179852257 1.1753857015 4.67032860696 4.68719409029 4.701542806
96 8388608 912295.103 924008.131 937670.946 1.71767371365 1.74307203797 1.76545147585 6.87069485461 6.97228815187 7.06180590339
128 8388608 898570.061 909178.019 920782.089 2.33223872798 2.36200568329 2.38989004999 9.32895491194 9.44802273316 9.55956019995
160 4194304 445425.034 463994.98 476402.044 2.81732057388 2.89265474381 3.01325066521 11.2692822955 11.5706189752 12.0530026608
192 4194304 458186.865 462080.002 466100.931 3.4555020788 3.48557117605 3.51518749015 13.8220083152 13.9422847042 14.0607499606
224 4194304 517802.0 527702.093 544929.028 3.44824389131 3.56081246773 3.62889326808 13.7929755653 14.2432498709 14.5155730723
256 4194304 447242.975 460881.948 471415.997 4.55538985029 4.65950913747 4.80160397824 18.2215594012 18.6380365499 19.206415913
288 2097152 214506.865 230905.056 233074.188 5.18272556204 5.23141230827 5.63133283403 20.7309022482 20.9256492331 22.5253313361
320 2097152 247760.057 265177.965 274731.874 4.88540794506 5.06142084619 5.41724641273 19.5416317802 20.2456833847 21.6689856509
352 2097152 314059.973 316339.016 335982.084 4.3942670705 4.66712903981 4.70099705447 17.577068282 18.6685161593 18.8039882179
384 2097152 222508.907 222852.945 242295.98 6.64729450319 7.22724456704 7.23841916135 26.5891780128 28.9089782682 28.9536766454
416 2097152 266069.174 266140.938 277675.867 6.28369502489 6.55603935686 6.55780764742 25.1347800996 26.2241574274 26.2312305897
448 2097152 332906.008 336231.947 340200.901 5.52334866391 5.5885474559 5.64438053638 22.0933946556 22.3541898236 22.5775221455
480 2097152 393015.146 398759.127 409965.992 4.91081201682 5.04882718333 5.12261662302 19.6432480673 20.1953087333 20.4904664921
512 2097152 258128.166 271975.994 278942.823 7.69865173409 7.89585733806 8.3194472005 30.7946069363 31.5834293522 33.277788802
544 1048576 152173.042 162399.054 164880.037 6.91927724398 7.02498358149 7.49706172004 27.6771089759 28.099934326 29.9882468802
576 1048576 181611.061 193804.026 198024.988 6.10003598132 6.23289194209 6.65135452295 24.4001439253 24.9315677684 26.6054180918
608 1048576 214992.046 217562.914 229106.903 5.56538628607 5.8606882605 5.930770183 22.2615451443 23.442753042 23.723080732
640 1048576 145094.156 154349.804 161602.974 8.30539962711 8.69568502983 9.2503882789 33.2215985085 34.7827401193 37.0015531156
704 1048576 218715.906 229724.169 242356.062 6.09184270373 6.42681618755 6.75028641035 24.3673708149 25.7072647502 27.0011456414
768 1048576 184074.163 187695.98 199795.008 8.06132621692 8.58096553799 8.7498033931 32.2453048677 34.323862152 34.9992135724
832 1048576 249649.048 250073.91 264204.979 6.60407866121 6.97725909912 6.98913325718 26.4163146449 27.9090363965 27.9565330287
896 1048576 215197.802 220807.076 222553.015 8.4431486673 8.50990931106 8.73172576363 33.7725946692 34.0396372442 34.9269030545
960 1048576 280730.963 285471.916 287348.032 7.00636752577 7.05241323984 7.17151360322 28.0254701031 28.2096529593 28.6860544129
1056 524288 132929.087 137964.01 140749.931 7.86711757606 8.02597906512 8.32997714037 31.4684703043 32.1039162605 33.3199085615
1152 524288 133053.064 137194.157 138505.936 8.72135582694 8.80474488429 9.07878041801 34.8854233078 35.2189795372 36.3151216721
1248 524288 185472.012 186792.135 195523.977 6.69290216003 7.00577060164 7.05563515427 26.7716086401 28.0230824065 28.2225406171
1344 524288 184231.043 185011.148 196723.938 7.16377558485 7.61730392592 7.64955851659 28.6551023394 30.4692157037 30.5982340663
1472 524288 196985.006 203557.968 204746.962 7.538592304 7.58262566268 7.83564141933 30.154369216 30.3305026507 31.3425656773
1600 524288 216968.06 221390.009 242593.05 6.91578592214 7.57812697862 7.73257409409 27.6631436886 30.3125079145 30.9302963763
1760 524288 248903.99 255362.988 262233.973 7.03758456194 7.22694300554 7.41448041873 28.1503382477 28.9077720222 29.6579216749
1920 524288 235225.201 245775.938 252973.08 7.95841960734 8.19146876778 8.55888702163 31.8336784293 32.7658750711 34.2355480865
2112 262144 147230.864 147406.101 160423.994 6.90231073539 7.51187534633 7.52081612453 27.6092429416 30.0475013853 30.0832644981
2304 262144 147213.936 164476.156 169555.902 7.12425540929 7.34428370274 8.20547011256 28.4970216371 29.377134811 32.8218804502
2528 262144 179784.06 185526.133 261672.02 5.06511954927 7.14400738359 7.37217784491 20.2604781971 28.5760295343 29.4887113796
2752 262144 186187.029 189024.925 199762.821 7.22276832484 7.63307048528 7.74941511097 28.8910732994 30.5322819411 30.9976604439
3008 262144 204086.065 205553.055 207947.016 7.58394294054 7.67226886509 7.72741786168 30.3357717622 30.6890754603 30.9096714467
3296 262144 221368.074 228263.14 228455.067 7.56408369791 7.57044369056 7.8062442193 30.2563347916 30.2817747622 31.2249768772
3616 262144 236654.997 242651.939 255692.005 7.41448841156 7.81294151538 8.01092489925 29.6579536462 31.2517660615 32.043699597
3968 262144 256016.016 262863.874 264446.02 7.86691659795 7.91426662151 8.1259556199 31.4676663918 31.6570664861 32.5038224796
4352 131072 139236.927 149743.08 150007.963 7.60526751503 7.61872059797 8.19359283906 30.4210700601 30.4748823919 32.7743713562
4768 131072 155264.854 159600.019 161003.113 7.76322003165 7.83146894237 8.05013214388 31.0528801266 31.3258757695 32.2005285755
5216 131072 175539.017 176931.858 193783.998 7.05601658605 7.72807746132 7.78939706607 28.2240663442 30.9123098453 31.1575882643
5728 131072 191793.919 195519.924 201327.085 7.45831506973 7.6798353911 7.8290325357 29.8332602789 30.7193415644 31.3161301428
6272 131072 199454.069 199537.039 200382.948 8.20512515865 8.239909624 8.2433373069 32.8205006346 32.959638496 32.9733492276
6880 131072 233525.991 240068.197 242336.035 7.44235466261 7.51265991305 7.7231262879 29.7694186504 30.0506396522 30.8925051516
7552 131072 238648.891 240967.989 242376.089 8.16793230788 8.21566174086 8.29549837715 32.6717292315 32.8626469635 33.1819935086
8288 65536 136785.984 137897.015 142439.842 7.62655111622 7.87779732578 7.94178397693 30.5062044649 31.5111893031 31.7671359077
9088 65536 129227.877 130209.923 144028.902 8.27043960941 9.14816865378 9.21768865707 33.0817584376 36.5926746151 36.8707546283
9984 65536 147176.027 152413.13 159281.015 8.2158118342 8.5860243668 8.89154894771 32.8632473368 34.3440974672 35.5661957908
10976 65536 165169.954 179740.191 180639.029 7.96420507774 8.00403217553 8.71009670439 31.856820311 32.0161287021 34.8403868176
12064 65536 185911.894 187929.869 194972.992 8.1101110045 8.41405688417 8.50538700875 32.440444018 33.6562275367 34.021548035
13248 65536 196690.083 206208.944 214572.191 8.0925764327 8.4207882661 8.82831421653 32.3703057308 33.6831530644 35.3132568661
14560 65536 222370.863 230778.933 236752.033 8.06078957725 8.26942171537 8.58209701691 32.243158309 33.0776868615 34.3283880676
16000 65536 243034.124 253952.98 260967.97 8.03605132078 8.25803264841 8.62904338487 32.1442052831 33.0321305936 34.5161735395
17600 32768 131693.125 136407.137 142223.12 8.11002880544 8.45581562202 8.75849517581 32.4401152218 33.8232624881 35.0339807032
19360 32768 141106.129 147237.062 163330.078 7.76817702861 8.61723904814 8.9916502493 31.0727081144 34.4689561926 35.9666009972
21280 32768 158272.028 167601.109 171636.105 8.12536546434 8.32098360399 8.81145011928 32.5014618573 33.283934416 35.2458004771
23392 32768 182973.146 183148.861 185658.932 8.25717403136 8.3703393165 8.37837762269 33.0286961254 33.481357266 33.5135104908
25728 32768 190763.95 197971.821 223833.084 7.53289092867 8.51692023381 8.83872559779 30.1315637147 34.0676809353 35.3549023911
28288 32768 215981.007 220351.934 242107.868 7.65725783022 8.41327931345 8.58354349649 30.6290313209 33.6531172538 34.334173986
31104 32768 238385.916 248448.133 274458.17 7.42711264161 8.20465712254 8.55097389227 29.7084505664 32.8186284902 34.2038955691
34208 16384 130914.927 131292.105 151561.022 7.39588404201 8.53766297676 8.5622607726 29.583536168 34.1506519071 34.2490430904
37600 16384 136928.082 151437.998 170037.031 7.24593221108 8.13584976209 8.99798479614 28.9837288443 32.5433990484 35.9919391845
41344 16384 150864.124 156708.956 170145.035 7.96238451507 8.64507190004 8.98000237618 31.8495380603 34.5802876002 35.9200095047
45472 16384 166063.07 167734.861 194463.968 7.66222406816 8.88322491292 8.97265416086 30.6488962727 35.5328996517 35.8906166434
50016 16384 192156.076 197396.04 202692.986 8.08574741703 8.3027212096 8.52913070519 32.3429896681 33.2108848384 34.1165228208
55008 16384 204937.935 219162.941 222538.948 8.09971539903 8.22448419325 8.7953562331 32.3988615961 32.897936773 35.1814249324
60480 16384 228317.976 239071.846 246193.886 8.04978820636 8.28959441757 8.68003770321 32.1991528254 33.1583776703 34.7201508128
66528 8192 120804.071 133435.965 147549.868 7.38729737122 8.16867290614 9.02283129184 29.5491894849 32.6746916246 36.0913251673
73152 8192 138211.012 146185.875 146728.039 8.16832540098 8.19861951779 8.67168506081 32.6733016039 32.7944780712 34.6867402432
80448 8192 155460.835 158762.932 171962.023 7.66483208912 8.30206406115 8.4784057155 30.6593283565 33.2082562446 33.913622862
88480 8192 174740.076 189668.894 193902.016 7.47623129406 7.64308943564 8.2960723904 29.9049251762 30.5723577425 33.1842895616
97312 8192 187927.961 195010.185 195545.912 8.15337836364 8.17577711646 8.48388818522 32.6135134546 32.7031084658 33.9355527409
107040 8192 200600.147 218574.047 221538.782 7.91619121568 8.02356631115 8.7424829255 31.6647648627 32.0942652446 34.969931702
117728 8192 236284.018 250387.907 251598.12 7.66641480469 7.70346928935 8.16329249996 30.6656592188 30.8138771574 32.6531699998
129472 8192 241913.08 251902.103 262119.055 8.09277008877 8.42100650505 8.76872489904 32.3710803551 33.6840260202 35.0748995962
142400 4096 143100.023 145747.9 148249.865 7.86874780628 8.00382578411 8.15192601332 31.4749912251 32.0153031364 32.6077040533
156640 4096 156771.183 157768.011 165133.953 7.77063018651 8.1334287722 8.18514509774 31.0825207461 32.5337150888 32.740580391
172288 4096 172058.105 172408.104 187569.857 7.52457414306 8.18629323828 8.20294571999 30.0982965722 32.7451729531 32.81178288
189504 4096 176526.07 193527.937 202326.059 7.67284637319 8.02166752803 8.79426346488 30.6913854928 32.0866701121 35.1770538595
208448 4096 205919.981 211926.937 219718.933 7.77177456983 8.05752227712 8.29257077292 31.0870982793 32.2300891085 33.1702830917
229280 4096 223752.975 230845.928 250063.896 7.51112731604 8.13643011282 8.39435435439 30.0445092641 32.5457204513 33.5774174176
252192 4096 236935.139 254143.953 254382.849 8.12144714992 8.12908133211 8.71950388076 32.4857885997 32.5163253284 34.8780155231
277408 2048 128423.929 139774.084 157736.063 7.20357251468 8.12928359452 8.84775272683 28.8142900587 32.5171343781 35.3910109073
305120 2048 153260.946 154201.031 159164.906 7.85205452262 8.10481948075 8.15453351045 31.4082180905 32.419277923 32.6181340418
335616 2048 158469.915 168608.904 169533.968 8.10860001814 8.15308743125 8.67472627849 32.4344000726 32.612349725 34.6989051139
369152 2048 184151.888 184181.929 195759.058 7.72401853303 8.20952739614 8.21086662983 30.8960741321 32.8381095846 32.8434665193
406048 2048 202629.089 202770.948 204623.938 8.12794741542 8.20222336782 8.20796567861 32.5117896617 32.8088934713 32.8318627144
446624 2048 224119.902 233181.953 237668.991 7.69714171084 7.84525509142 8.16246967661 30.7885668434 31.3810203657 32.6498787064
491264 2048 231074.095 245910.883 245982.17 8.18033820907 8.18270960379 8.70810440262 32.7213528363 32.7308384152 34.8324176105
540384 1024 119725.227 134868.145 147634.029 7.49628279805 8.20584009664 9.24371963813 29.9851311922 32.8233603865 36.9748785525
594400 1024 149065.018 149435.043 152663.946 7.97392725588 8.14622310511 8.16644452423 31.8957090235 32.5848924204 32.6657780969
653824 1024 151247.978 165988.207 168652.058 7.9396099157 8.06702823171 8.85321952535 31.7584396628 32.2681129268 35.4128781014
719200 1024 172333.002 174700.975 180091.143 8.17875646444 8.43110120021 8.54695028176 32.7150258578 33.7244048008 34.187801127
791104 1024 198462.009 198611.975 215215.206 7.52819014099 8.15751916268 8.16368331734 30.112760564 32.6300766507 32.6547332694
870208 1024 220070.839 225305.08 235282.183 7.57467463654 7.91010120145 8.09823778606 30.2986985462 31.6404048058 32.3929511442
957216 1024 239364.862 244289.16 246200.085 7.96254139392 8.02482749542 8.18991706477 31.8501655757 32.0993099817 32.7596682591
1052928 512 131310.94 132174.015 135107.994 7.98027000534 8.15741484436 8.21103155609 31.9210800214 32.6296593775 32.8441262244
1158208 512 145095.11 145996.809 151536.942 7.82650736083 8.12349941155 8.17398320316 31.3060294433 32.4939976462 32.6959328126
1274016 512 150617.123 153888.226 159126.997 8.19843526614 8.47753215376 8.66164721524 32.7937410646 33.910128615 34.6465888609
1401408 512 162205.935 176240.206 180858.85 7.93459535986 8.14253356013 8.84703628138 31.7383814394 32.5701342405 35.3881451255
1541536 512 179229.021 188230.991 192605.972 8.19565897988 8.38614754995 8.80735081402 32.7826359195 33.5445901998 35.2294032561
1695680 512 206915.14 220562.935 227869.034 7.62006267161 7.87247558163 8.39173160553 30.4802506865 31.4899023265 33.5669264221
1865248 512 233592.987 234999.895 241813.898 7.8986938625 8.12772257622 8.17667506431 31.59477545 32.5108903049 32.7067002572
2051744 512 259267.092 261994.123 271733.999 7.73177395443 8.01920986602 8.10355776274 30.9270958177 32.0768394641 32.414231051
2256896 256 141294.003 141679.049 169925.928 6.80020268596 8.1559747906 8.17820096724 27.2008107438 32.6238991624 32.712803869
2482560 256 155703.068 161317.825 167881.966 7.57121655342 7.87929492603 8.16342758256 30.2848662137 31.5171797041 32.6537103302
2730816 256 170888.901 172143.936 178409.1 7.83691970869 8.12214373906 8.18179404173 31.3476788348 32.4885749563 32.7271761669
3003872 256 186298.847 188499.928 200546.026 7.66897502123 8.15906128091 8.2554588435 30.6759000849 32.6362451237 33.021835374
3304256 256 203087.091 204208.136 225493.908 7.50254890256 8.28458211871 8.33031318569 30.0101956103 33.1383284748 33.3212527427
3634656 256 213776.827 232023.001 237915.039 7.82188414748 8.02051462131 8.70507761816 31.2875365899 32.0820584852 34.8203104727
3998112 256 245994.091 257790.089 265832.186 7.70047214674 7.94069838736 8.3214736406 30.801888587 31.7627935494 33.2858945624
4397920 128 131287.813 137259.96 146347.046 7.6931345782 8.2024468024 8.57556763475 30.7725383128 32.8097872096 34.302270539
4837696 128 151878.119 152802.944 158690.929 7.80416488708 8.10488426192 8.15423699052 31.2166595483 32.4195370477 32.6169479621
5321440 128 167843.819 168357.849 168877.84 8.06671046953 8.09162535689 8.11640635989 32.2668418781 32.3665014276 32.4656254396
5853568 128 168114.901 176531.076 190356.016 7.872162065 8.48866636943 8.91362632989 31.48864826 33.9546654777 35.6545053195
6438912 128 188462.973 197391.033 203967.094 8.08150687287 8.35074140374 8.74634123489 32.3260274915 33.402965615 34.9853649396
7082784 128 210366.964 220895.052 224720.001 8.06867522219 8.20838985565 8.61918938945 32.2747008888 32.8335594226 34.4767575578
7791040 128 235405.922 238297.939 263662.1 7.56463003215 8.36980063013 8.4726255952 30.2585201286 33.4792025205 33.8905023808
8570144 64 121790.886 127372.026 135962.963 8.06821510649 8.61239682252 9.00706504426 32.272860426 34.4495872901 36.028260177
9427136 64 136977.911 142071.009 162132.978 7.44249210053 8.49345279162 8.80925544265 29.7699684021 33.9738111665 35.2370217706
10369824 64 157264.948 157970.905 165895.939 8.00102449765 8.40241734388 8.44013550941 32.0040979906 33.6096693755 33.7605420376
11406784 64 171468.973 174896.002 182528.973 7.99910462434 8.34820885157 8.51505859314 31.9964184974 33.3928354063 34.0602343725
12547456 64 194973.946 202530.146 206984.997 7.75937575804 7.93005090709 8.23737940863 31.0375030322 31.7202036284 32.9495176345
13802176 64 214794.874 218744.04 219868.898 8.03514523459 8.07646474848 8.2249566533 32.1405809384 32.3058589939 32.8998266132
15182368 64 227504.969 232976.913 251354.933 7.73146992106 8.34135485347 8.54198091823 30.9258796842 33.3654194139 34.1679236729
16700576 64 254729.033 258584.023 276815.891 7.72236637238 8.26684380264 8.39195164691 30.8894654895 33.0673752106 33.5678065876
18370624 32 132925.987 143743.038 154559.851 7.60689097714 8.17931742892 8.84492161792 30.4275639086 32.7172697157 35.3796864717
20207680 32 155031.919 161761.999 163156.986 7.92666959415 7.99502681715 8.34209837782 31.7066783766 31.9801072686 33.3683935113
22228448 32 166952.133 171225.071 184514.046 7.71009417895 8.30848346969 8.52112905919 30.8403767158 33.2339338788 34.0845162368
24451264 32 184334.993 196646.929 205798.149 7.60396001424 7.95782016001 8.48933168104 30.4158400569 31.83128064 33.9573267242
26896384 32 204258.919 214581.966 233232.975 7.38046828927 8.02196292674 8.42738512682 29.5218731571 32.087851707 33.7095405073
29586016 32 226062.059 237998.009 244513.988 7.74395378967 7.95597001822 8.3760407756 30.9758151587 31.8238800729 33.5041631024
32544608 32 259876.013 262706.995 266657.114 7.81098572904 7.92843339402 8.01480247429 31.2439429161 31.7137335761 32.0592098971
35799040 16 142790.079 144455.91 146075.964 7.8422845801 7.93023476852 8.02275121649 31.3691383204 31.7209390741 32.091004866
39378944 16 159189.939 159702.063 161135.912 7.8202691899 7.89048171532 7.91586588899 31.2810767596 31.5619268613 31.6634635559
43316832 16 163277.149 173355.103 174549.103 7.94125320713 7.99594935489 8.48948326505 31.7650128285 31.9837974196 33.9579330602
47648512 16 175403.833 184408.903 185764.074 8.20800465433 8.2683230538 8.69281108583 32.8320186173 33.0732922152 34.7712443433
52413344 16 204097.986 209800.959 210595.846 7.96419796428 7.99437245661 8.21775383908 31.8567918571 31.9774898264 32.8710153563
57654656 16 225070.953 232413.054 241261.005 7.64710812674 7.9382330736 8.19718834176 30.5884325069 31.7529322944 32.788753367
63420096 16 240083.218 253474.951 255764.008 7.93482667037 8.00648373338 8.45308176434 31.7393066815 32.0259349335 33.8123270574
69762080 8 133558.035 139427.9 140933.99 7.91997217988 8.00552314135 8.35736524575 31.6798887195 32.0220925654 33.429460983
76738272 8 148287.058 155060.053 170888.186 7.18488726892 7.91830215613 8.27996973276 28.7395490757 31.6732086245 33.119878931
84412096 8 156363.01 168612.957 170812.13 7.9068947621 8.01002224283 8.63755140042 31.6275790484 32.0400889713 34.5502056017
92853280 8 182966.948 185265.064 186272.86 7.97567868985 8.01906440385 8.11978609382 31.9027147594 32.0762576154 32.4791443753
102138592 8 205080.986 206728.935 225466.967 7.24814589802 7.90512209624 7.96864450418 28.9925835921 31.6204883849 31.8745780167
112352448 8 215481.997 226613.045 231459.141 7.76655076241 7.93263762905 8.34241000653 31.0662030496 31.7305505162 33.3696400261
123587680 8 230245.113 244852.066 264204.025 7.48437833224 8.0759084957 8.58825125205 29.937513329 32.3036339828 34.3530050082
135946432 4 135631.084 135866.165 136599.064 7.96177824469 8.00472623924 8.01860033796 31.8471129788 32.0189049569 32.0744013518
149541056 4 149727.106 161573.172 168005.943 7.12075077011 7.40425179002 7.99005924819 28.4830030804 29.6170071601 31.9602369928
164495136 4 159837.961 171231.031 173094.034 7.60257911604 7.68529559341 8.23309481532 30.4103164642 30.7411823737 32.9323792613
180944640 4 166908.026 167851.21 182626.009 7.92634700789 8.62404935895 8.67278317701 31.7053880316 34.4961974358 34.691132708
199039104 4 189356.089 201210.976 213605.165 7.45446783555 7.91364797117 8.40909231073 29.8178713422 31.6545918847 33.6363692429
218943008 4 220170.975 222615.957 235124.111 7.44944470625 7.86800770081 7.95538133035 29.797778825 31.4720308033 31.8215253214
240837280 4 241925.001 242758.989 249516.964 7.72171242032 7.93667104949 7.96403113376 30.8868496813 31.746684198 31.8561245351
264920992 4 256057.024 256124.973 267622.948 7.91923096221 8.27474147162 8.27693731221 31.6769238488 33.0989658865 33.1077492489
291413088 2 131345.034 156218.052 159008.026 7.33077682506 7.46170072585 8.87473486055 29.3231073003 29.8468029034 35.4989394422
320554368 2 162492.037 163391.113 168243.17 7.6212156012 7.84753496354 7.89095573957 30.4848624048 31.3901398542 31.5638229583
352609792 2 166088.104 177752.018 189911.127 7.42683796511 7.93487007275 8.49211432987 29.7073518604 31.739480291 33.9684573195
387870752 2 182307.005 188308.954 210484.028 7.37102488366 8.23902939846 8.51027643178 29.4840995346 32.9561175939 34.0411057271
426657824 2 201251.03 216233.969 219362.974 7.77994237077 7.89252171568 8.48011210676 31.1197694831 31.5700868627 33.920448427
469323584 2 224168.062 234853.983 247123.003 7.59659891313 7.99345325985 8.37449509645 30.3863956525 31.9738130394 33.4979803858
516255936 2 258007.05 261567.831 269229.174 7.67013363864 7.89479247546 8.0037492929 30.6805345546 31.5791699018 32.0149971716
567881504 1 140648.127 142570.972 159035.921 7.14155016589 7.96629911452 8.07520890769 28.5662006636 31.8651964581 32.3008356308
624669632 1 156925.917 157301.903 169715.881 7.36135744421 7.94230228734 7.96133161357 29.4454297768 31.7692091494 31.8453264543
687136576 1 170737.028 171433.21 178982.973 7.67823401838 8.01637647688 8.04906333499 30.7129360735 32.0655059075 32.19625334
755850208 1 185000.181 201585.054 202283.144 7.4731902328 7.49906992609 8.17134560533 29.8927609312 29.9962797043 32.6853824213
831435200 1 206913.948 209278.822 222520.113 7.47289931495 7.94571750791 8.03653120572 29.8915972598 31.7828700316 32.1461248229
914578720 1 222178.936 233254.91 235023.975 7.78285466408 7.84188182791 8.23281213301 31.1314186563 31.3675273116 32.931248532
1006036576 1 254752.159 255157.948 255843.878 7.86445690133 7.88559857834 7.89815937144 31.4578276053 31.5423943133 31.5926374858

META_DATA
ERT_VERSION  1.1.0
HOSTNAME  ('c4ba798bf1f2', [], ['172.17.0.9'])
UNAME  ('Linux', 'c4ba798bf1f2', '4.9.12-moby', '#1 SMP Tue Feb 28 12:11:36 UTC 2017', 'x86_64', 'x86_64')
TIMESTAMP_DATA  1494196552.14
TIMESTAMP_DATA  1494196636.63
OPENMP_THREADS 4
CONFIG  {'ERT_WORKING_SET_MIN': ['1'], 'ERT_CFLAGS': ['-Ofast', '-march=native'], 'ERT_CC': ['cc'], 'ERT_MPI_CFLAGS': [], 'ERT_MPI_LDFLAGS': [], 'ERT_MEMORY_MAX': ['1073741824', '#', '1GB'], 'ERT_LDFLAGS': [], 'ERT_LDLIBS': [], 'ERT_RUN': ['export', 'OMP_NUM_THREADS=ERT_OPENMP_THREADS', ';', './ERT_CODE'], 'ERT_FLOPS': ['1,4,16,32,64'], 'ERT_OPENMP_CFLAGS': ['-fopenmp'], 'ERT_MPI': ['False'], 'ERT_TRIALS_MIN': ['1'], 'ERT_DRIVER': ['driver1'], 'ERT_RESULTS': ['Results'], 'ERT_OPENMP': ['True'], 'ERT_OPENMP_THREADS': ['1,2,4,8', '#', ',16'], 'ERT_KERNEL': ['kernel1'], 'ERT_GPU': [False], 'ERT_LD': ['cc'], 'ERT_NUM_EXPERIMENTS': ['3'], 'ERT_OPENMP_LDFLAGS': ['-fopenmp'], 'ERT_ALIGN': ['64'], 'ERT_GNUPLOT': ['gnuplot']}
FLOPS          64
TIMESTAMP_DATA  1494196467.83
