8 134217728 391490.936 396298.17 397460.938 5.4030055351 5.41885835102 5.48539812937 0.337687845944 0.338678646939 0.342837383086
16 67108864 198989.868 199727.058 202080.011 10.6268979172 10.7520917271 10.7919245818 0.664181119824 0.672005732944 0.674495286363
24 33554432 97712.04 98601.818 108252.048 14.8783581074 16.3345135888 16.4832577029 0.929897381711 1.0209070993 1.03020360643
32 33554432 98005.772 98171.949 117188.931 18.3249700264 21.8747174715 21.9118078882 1.14531062665 1.36716984197 1.36948799301
40 16777216 51516.056 51589.966 52167.892 25.7280336342 26.0162466477 26.0535721135 1.60800210214 1.62601541548 1.62834825709
48 16777216 77287.912 78463.793 79745.054 20.1970235797 20.5268273992 20.839128582 1.26231397373 1.28292671245 1.30244553637
56 16777216 88299.036 90261.936 90507.984 20.7611318798 20.8177253366 21.2805063013 1.29757074249 1.30110783354 1.33003164383
64 16777216 99236.012 100158.93 103282.928 20.7922421409 21.4407606791 21.6401647418 1.29951513381 1.34004754244 1.35251029636
72 8388608 55166.006 55875.063 77188.969 15.6493805741 21.6189385236 21.8968100029 0.978086285878 1.35118365773 1.36855062518
80 8388608 60920.954 61154.127 61264.992 21.9077361505 21.9474522137 22.031455384 1.36923350941 1.37171576335 1.3769659615
88 8388608 67322.016 67598.104 70069.075 21.0705651245 21.8407754158 21.9303445696 1.31691032028 1.36504846349 1.3706465356
96 8388608 71797.848 72159.052 72238.922 22.2956363607 22.3203145185 22.4326046095 1.39347727254 1.39501965741 1.4020377881
104 8388608 77945.948 78176.975 81576.824 21.3888011134 22.3189815671 22.385133657 1.33680006959 1.39493634795 1.39907085356
112 8388608 83144.903 83357.096 83657.98 22.4610753451 22.5421503647 22.5996798866 1.40381720907 1.4088843978 1.41247999291
120 8388608 89252.949 90394.02 92270.851 21.8190891076 22.2721140182 22.5568560205 1.36369306922 1.39200712614 1.40980350128
128 8388608 29861.927 30018.091 30160.189 71.2025925302 71.5396474746 71.9137665831 4.45016203314 4.47122796716 4.49461041144
136 4194304 14963.15 14983.892 14984.131 76.1372606793 76.1384751038 76.2440186725 4.75857879246 4.75865469399 4.76525116703
144 4194304 14925.957 14943.123 15046.12 80.2837909042 80.8371551248 80.9301240785 5.01773693151 5.0523221953 5.0581327549
152 4194304 15420.914 15525.103 18209.934 70.0204853021 82.1294658077 82.6843607324 4.37628033138 5.13309161298 5.16777254578
160 4194304 20401.955 21223.068 22341.013 60.0768317891 63.2414352157 65.7866993629 3.75480198682 3.95258970098 4.11166871018
176 4194304 26020.05 26528.12 26550.055 55.6079830343 55.6539629646 56.7406676006 3.47549893964 3.47837268529 3.54629172504
192 4194304 31483.173 31636.0 32279.968 49.8951156333 50.9107578708 51.1578911058 3.11844472708 3.18192236692 3.19736819411
208 4194304 37188.053 37496.09 37600.994 46.4038387921 46.5336642834 46.9191130818 2.90023992451 2.90835401771 2.93244456761
224 4194304 42093.992 42592.049 43368.101 43.3278872875 44.1173466907 44.639344066 2.70799295547 2.75733416817 2.78995900413
240 4194304 48865.08 48871.04 48930.883 41.1450968502 41.1954793677 41.2005039181 2.57156855314 2.57471746048 2.57503149488
264 2097152 11530.161 11531.115 11609.077 95.3819374271 96.0268157936 96.0347610064 5.96137108919 6.0016759871 6.0021725629
288 2097152 13567.924 13611.794 13618.946 88.6969925573 88.7435963254 89.0305364328 5.54356203483 5.54647477034 5.56440852705
312 2097152 15707.016 15741.11 16094.923 81.3065615785 83.1340895274 83.3145422402 5.08166009865 5.19588059546 5.20715889001
336 2097152 19680.977 19813.061 20094.156 70.134129744 71.1291477879 71.6065134368 4.383383109 4.44557173674 4.4754070898
368 2097152 25276.184 25456.905 25601.864 60.2887302268 60.6320317415 61.0655418555 3.76804563918 3.78950198384 3.81659636597
400 2097152 17652.988 17660.141 17707.825 94.7446453757 95.0004646056 95.0389588437 5.92154033598 5.93752903785 5.93993492773
440 2097152 21028.996 21044.97 21071.911 87.580749558 87.6928672267 87.7594802909 5.47379684738 5.48080420167 5.48496751818
480 2097152 24420.023 24703.026 24825.096 81.0980114639 81.4987572778 82.4432442181 5.06862571649 5.09367232986 5.15270276363
528 1048576 11543.036 11643.887 11794.806 93.8799888697 95.0967882117 95.9276446855 5.86749930435 5.94354926323 5.99547779284
576 1048576 13563.156 13564.11 13567.924 89.0305364328 89.0555703249 89.061834281 5.56440852705 5.56597314531 5.56636464257
632 1048576 15948.057 15954.018 15982.151 82.9300176178 83.0762547717 83.1073066769 5.18312610111 5.19226592323 5.19420666731
688 1048576 15614.986 15642.166 15915.871 90.6542014571 92.2404592817 92.4010163057 5.66588759107 5.7650287051 5.77506351911
752 1048576 18316.984 18322.945 18374.92 85.8266759257 86.0701325033 86.0981427947 5.36416724535 5.37938328145 5.38113392467
824 1048576 18663.168 18670.082 18687.963 92.4687858168 92.5573464541 92.5916354608 5.77929911355 5.78483415338 5.7869772163
904 1048576 19337.893 19340.038 19342.899 98.0114412012 98.0259401765 98.0368134212 6.12571507508 6.12662126103 6.12730083882
992 1048576 23086.786 23090.839 23090.839 90.0952444387 90.0952444387 90.1110611066 5.63095277742 5.63095277742 5.63194131916
1088 524288 12205.839 12209.892 12223.005 93.3363512491 93.4365912491 93.4676172609 5.83352195307 5.83978695307 5.84172607881
1192 524288 13056.993 13082.027 13993.979 89.317169334 95.5434958206 95.7266801016 5.58232308338 5.97146848879 5.98291750635
1304 524288 14087.2 14088.869 14127.97 96.7827015488 97.0513036923 97.0628019763 6.0489188468 6.06570648077 6.06642512352
1432 524288 15450.001 15511.036 15707.97 95.5922905379 96.8059665389 97.1883970752 5.97451815862 6.05037290868 6.0742748172
1568 524288 16944.17 16972.065 16979.933 96.8300150537 96.8749040261 97.0343881111 6.05187594085 6.05468150163 6.06464925694
1720 524288 18851.995 18867.97 19070.148 94.5745528561 95.587957793 95.6689581129 5.91090955351 5.97424736206 5.97930988206
1888 524288 21028.042 21044.97 21047.115 94.0609431744 94.0705302977 94.1462589812 5.8788089484 5.87940814361 5.88414118633
2072 262144 11134.863 11225.939 11624.813 93.4487923376 96.7691643434 97.5606737146 5.8405495211 6.04807277146 6.09754210716
2272 262144 12543.917 12546.062 12547.016 94.9375003587 94.9447193868 94.9609548596 5.93359377242 5.93404496168 5.93505967873
2496 262144 13570.07 13602.018 13602.972 96.2012454337 96.207992667 96.4344950321 6.01257783961 6.01299954169 6.02715593951
2744 262144 14833.927 14853.954 15289.068 94.0964009055 96.8527485678 96.9835076039 5.8810250566 6.05329678549 6.06146922524
3016 262144 16351.938 16357.899 16391.039 96.4705536971 96.6659965317 96.7012355355 6.02940960607 6.04162478323 6.04382722097
3312 262144 18151.999 18157.959 18601.894 93.3475836385 95.6297927537 95.6611916957 5.83422397741 5.97686204711 5.97882448098
3640 262144 19587.04 19597.054 19603.968 97.3480634125 97.3824086008 97.4321959826 6.08425396328 6.08640053755 6.08951224892
4000 262144 21369.934 21370.888 21396.875 98.0120695195 98.1312521969 98.1356329879 6.12575434497 6.13320326231 6.13347706174
4400 131072 12604.952 12771.13 12885.094 89.5168944829 90.3157042486 91.5063857443 5.59480590518 5.64473151554 5.71914910902
4840 131072 14143.944 14203.072 14217.854 89.2382887038 89.3311644129 89.704608559 5.57739304399 5.58319777581 5.60653803494
5320 131072 15069.008 15089.035 15122.89 92.2182254847 92.4251338803 92.547968652 5.76363909279 5.77657086752 5.78424804075
5848 131072 16381.025 16386.986 16479.969 93.0231186721 93.550950248 93.5849931247 5.81394491701 5.8469343905 5.84906207029
6432 131072 17654.896 17678.976 19735.813 85.4340385167 95.3737483438 95.5038312319 5.33962740729 5.96085927149 5.96898945199
7072 131072 19395.113 19444.942 19554.138 94.8076753882 95.3400821664 95.5850253618 5.92547971176 5.9587551354 5.97406408511
7776 131072 21343.946 21385.193 21454.096 95.01363954 95.3197730785 95.5039777556 5.93835247125 5.95748581741 5.96899860972
8552 65536 12341.976 12345.076 12448.072 90.0483017772 90.7995822788 90.8223888946 5.62801886107 5.67497389242 5.67639930591
9400 65536 13252.974 13253.927 13263.941 92.8891948479 92.9593772472 92.9660618062 5.80557467799 5.80996107795 5.81037886289
10336 65536 14672.041 14690.876 14762.163 91.7724720964 92.217795045 92.3361781773 5.73577950602 5.76361219031 5.77101113608
11368 65536 15788.078 15810.013 15815.973 94.2102326553 94.245747679 94.3766870166 5.88813954096 5.89035922994 5.89854293854
12504 65536 17904.997 17910.957 17999.887 91.0519209371 91.5040043924 91.5344631446 5.69074505857 5.71900027452 5.72090394654
13752 65536 19536.018 19563.913 23046.97 78.2099401353 92.1340298334 92.2655857504 4.88812125846 5.75837686459 5.7665991094
15120 65536 20846.128 20892.143 20904.064 94.8049451054 94.8590405494 95.0684290147 5.92530906909 5.92869003433 5.94177681342
16632 32768 11848.927 11883.02 11885.881 91.7050029358 91.7270821727 91.9910091437 5.73156268349 5.73294263579 5.74943807148
18288 32768 13001.204 13067.961 13100.147 91.4892304644 91.714565723 92.185490513 5.71807690402 5.73216035769 5.76159315706
20112 32768 13961.077 13961.077 13998.032 94.1603814022 94.4096241286 94.4096241286 5.88502383764 5.90060150804 5.90060150804
22120 32768 15667.915 15670.061 15697.002 92.3524326492 92.5112110285 92.5238820864 5.77202704058 5.78195068928 5.7827426304
24328 32768 16856.194 16856.909 16866.922 94.5258303797 94.5819787008 94.5859906453 5.90786439873 5.9113736688 5.91162441533
26760 32768 18589.02 18591.881 18601.179 94.2813012014 94.3284522959 94.342970205 5.89258132509 5.8955282685 5.89643563781
29432 32768 20661.831 20690.918 20699.024 93.1858213218 93.2223283665 93.3535634862 5.82411383261 5.82639552291 5.83459771789
32368 32768 22552.967 22773.027 22789.955 93.0791328021 93.1483218283 94.0572142016 5.81744580013 5.82177011427 5.8785758876
35600 16384 15244.961 16366.959 18285.036 63.797566491 71.2741322319 76.5197628252 3.98734790569 4.45463326449 4.78248517658
39160 16384 21549.94 21586.895 21595.955 59.4182975469 59.4432353518 59.5451718195 3.71364359668 3.71520220949 3.72157323872
43072 16384 23727.894 23806.095 24105.072 58.5512997431 59.2866363005 59.4820297157 3.65945623394 3.70541476878 3.71762685723
47376 16384 26062.012 26166.916 26299.953 59.0273590223 59.3274640389 59.5662671017 3.68920993889 3.70796650243 3.72289169386
52112 16384 28651.953 28659.105 28700.829 59.4967488918 59.5833685665 59.5982415579 3.71854680574 3.7239605354 3.72489009737
57320 16384 31484.127 31489.134 31491.041 59.6443210626 59.6479331569 59.6574191179 3.72777006641 3.7279958223 3.72858869487
63048 16384 34690.142 34778.833 34782.887 59.3957845995 59.4027080782 59.5545807798 3.71223653747 3.71266925489 3.72216129873
69352 8192 19059.181 19068.956 19069.195 59.5863206601 59.5870674829 59.6176282706 3.72414504126 3.72419171768 3.72610176691
76280 8192 20975.113 20998.001 21001.816 59.5077835174 59.5185951272 59.5835416953 3.71923646984 3.71991219545 3.72397135596
83904 8192 23064.852 23099.899 23108.959 59.487021289 59.5103526643 59.6007785352 3.71793883056 3.71939704152 3.72504865845
92288 8192 25367.022 25403.023 25724.888 58.7775772629 59.5223092937 59.6067836422 3.67359857893 3.72014433085 3.72542397764
101512 8192 27893.066 27899.981 27913.094 59.5839575505 59.6119620297 59.6267404953 3.72399734691 3.72574762685 3.72667128096
111656 8192 30723.095 30723.81 31708.956 57.6925933481 59.5424820034 59.5438676995 3.60578708425 3.72140512521 3.72149173122
122816 8192 33729.076 33732.891 33792.019 59.547118034 59.6514939677 59.6582409788 3.72169487712 3.72821837298 3.72864006117
135096 4096 18569.946 18619.061 19917.965 55.5632280707 59.4394331701 59.5966424458 3.47270175442 3.71496457313 3.72479015286
148600 4096 20437.002 20447.969 20470.142 59.4686250833 59.5331105989 59.5650575363 3.71678906771 3.72081941243 3.72281609602
163456 4096 22462.13 22469.044 22507.906 59.4916093927 59.5945048663 59.6128484698 3.71822558704 3.72465655415 3.72580302937
179800 4096 24700.88 24727.106 25279.045 58.2665049253 59.5670839928 59.6303289599 3.64165655783 3.72294274955 3.72689556
197776 4096 27614.117 27666.092 29097.08 55.6819100748 58.5619751427 58.6721998752 3.48011937968 3.66012344642 3.6670124922
217552 4096 31035.9 31924.009 32516.003 54.8095036158 55.8258827706 57.4233704839 3.42559397599 3.48911767316 3.58896065524
239304 4096 36639.929 36985.874 39920.092 49.1075613754 53.0034349871 53.5038800976 3.06922258596 3.31271468669 3.3439925061
263232 2048 20191.908 21270.99 21357.059 50.4843982498 50.6886737289 53.3975428176 3.15527489061 3.16804210805 3.3373464261
289552 2048 23484.945 24296.045 24711.132 47.9947657598 48.8147347439 50.5006501825 2.99967285999 3.05092092149 3.15629063641
318504 2048 26897.907 27282.953 28418.779 45.905997017 47.8171253676 48.5016318928 2.86912481356 2.98857033548 3.0313519933
350352 2048 30894.041 31397.104 31995.058 44.8519828281 45.7061833474 46.4504398114 2.80324892676 2.85663645921 2.90315248821
385384 2048 34470.081 35092.831 35470.963 44.5021147015 44.9816335422 45.7942893723 2.78138216885 2.81135209639 2.86214308577
423920 2048 38202.047 38452.864 39267.063 44.2196636912 45.1559686165 45.4524418548 2.7637289807 2.82224803853 2.84077761592
466312 2048 42623.043 42906.046 43592.93 43.8147642748 44.5161959692 44.8117688829 2.73842276718 2.78226224808 2.80073555518
512936 2048 47221.899 47254.086 47521.114 44.2116288772 44.4614642636 44.491769719 2.76322680483 2.77884151648 2.78073560744
564224 1024 25895.834 26170.969 26485.92 43.6281145605 44.1531512265 44.6222644152 2.72675716003 2.75957195165 2.78889152595
620640 1024 28765.202 28823.853 28904.915 43.9742071547 44.0978768522 44.1877905116 2.74838794717 2.75611730326 2.76173690698
682704 1024 31689.882 31760.931 31860.113 43.8848974578 44.0219397851 44.1206373694 2.74280609111 2.75137123657 2.75753983559
750968 1024 34862.041 34877.062 35310.984 43.55535558 44.097248329 44.1162485008 2.72220972375 2.75607802056 2.7572655313
826064 1024 38349.867 38935.9 41178.942 41.0835973396 43.4503651386 44.1143400054 2.56772483373 2.71564782116 2.75714625034
908664 1024 42187.929 42515.039 42614.937 43.6688166874 43.7714257301 44.1108135931 2.72930104297 2.73571410813 2.75692584957
999528 1024 46427.011 46509.027 46736.002 43.7999241784 44.0136781189 44.0914308268 2.73749526115 2.75085488243 2.75571442667
1099480 512 25511.98 25628.805 25691.986 43.8217395884 43.9297704282 44.1309345649 2.73885872427 2.74561065176 2.7581834103
1209424 512 28034.925 28040.171 28096.914 44.0778007151 44.166997983 44.1752626768 2.75486254469 2.76043737394 2.7609539173
1330360 512 30843.019 30925.035 30927.896 44.0472458909 44.0513208797 44.168459644 2.75295286818 2.75320755498 2.76052872775
1463392 512 34039.021 34049.034 34481.049 43.4590434879 44.010452925 44.0233991454 2.71619021799 2.75065330781 2.75146244658
1609728 512 37381.887 37986.04 38503.17 42.8110587258 43.393875013 44.0951916633 2.67569117036 2.71211718831 2.75594947895
1770696 512 42158.842 43046.951 43610.096 41.5773609854 42.1212806454 43.0085983861 2.59858506159 2.63258004034 2.68803739913
1947760 512 46576.977 47634.125 48717.976 40.939842 41.8713735164 42.8217194087 2.558740125 2.61696084477 2.67635746304
2142536 256 26586.056 26672.125 27803.898 39.4541237347 41.1282727567 41.2614203476 2.46588273342 2.57051704729 2.57883877172
2356784 256 30297.041 30496.12 31478.167 38.3336618044 39.5680961381 39.8280943674 2.39585386277 2.47300600863 2.48925589796
2592456 256 35106.897 35329.103 36165.953 36.7012994791 37.5706530675 37.8084531937 2.29383121744 2.34816581672 2.36302832461
2851696 256 40709.019 42698.86 44219.971 33.018301889 34.1945511426 35.8659674899 2.06364386806 2.13715944641 2.24162296812
3136864 256 49279.928 49813.032 50644.875 31.7124757046 32.2420519996 32.5908424217 1.98202973154 2.01512824997 2.03692765136
3450544 256 55500.031 59680.939 60373.068 29.2626925635 29.6020564958 31.8320277695 1.82891828522 1.85012853099 1.98950173559
3795592 256 66152.096 72152.853 73188.066 26.552732026 26.9336973273 29.376893878 1.65954575163 1.68335608295 1.83605586738
4175144 256 78189.85 79606.056 88735.819 24.0903138337 26.8531545891 27.3395297216 1.50564461461 1.67832216182 1.7087206076
4592656 128 46356.916 47479.868 54298.878 21.6527482575 24.7624937795 25.3623415328 1.3532967661 1.54765586122 1.5851463458
5051920 128 52620.888 53743.124 62287.092 20.7633954078 24.064316023 24.5775312648 1.29771221299 1.50401975144 1.53609570405
5557112 128 61114.073 70465.088 76212.168 18.6665818508 20.1890143386 23.2781191331 1.16666136568 1.26181339616 1.45488244582
6112816 128 68748.951 72032.928 75337.887 20.7714996838 21.724521541 22.7622512524 1.29821873024 1.35778259631 1.42264070327
6724096 128 79905.033 80325.127 83993.912 20.4939683724 21.430013749 21.5426802464 1.28087302327 1.33937585931 1.3464175154
7396504 128 88668.823 88717.937 91362.0 20.7253018104 21.342978523 21.3548004804 1.29533136315 1.33393615769 1.33467503003
8136152 128 99843.025 100028.992 105611.086 19.7219344189 20.8225122572 20.8612961396 1.23262090118 1.30140701608 1.30383100873
8949760 64 54762.84 55413.961 57563.066 19.9011164555 20.6729361938 20.9187339444 1.24381977847 1.29205851211 1.30742087153
9844736 64 61097.86 61691.999 63199.043 19.9390077473 20.4260881221 20.6247192291 1.24618798421 1.27663050763 1.28904495182
10829208 64 67696.095 68169.117 68336.01 20.2841609277 20.3338210175 20.4759022511 1.26776005798 1.27086381359 1.27974389069
11912128 64 75676.918 75806.141 75840.95 20.1046055462 20.1138372681 20.1481828845 1.25653784664 1.25711482926 1.25926143028
13103336 64 83702.087 89854.956 90826.988 18.4661744811 18.6659376696 20.0380548217 1.15413590507 1.16662110435 1.25237842636
14413664 64 92612.028 98526.955 102448.94 18.008473216 18.7253223445 19.9212675917 1.125529576 1.17033264653 1.24507922448
15855024 64 101964.951 105121.851 108371.019 18.7268062138 19.3056253547 19.9033398447 1.17042538836 1.20660158467 1.24395874029
17440520 32 55927.992 56052.923 57757.854 19.3253939109 19.9132038128 19.9576855897 1.20783711943 1.2445752383 1.24735534936
19184568 32 62322.855 62386.99 62961.102 19.5011255044 19.6805832755 19.7008361058 1.21882034403 1.23003645472 1.23130225661
21103024 32 68557.024 68891.048 78430.891 17.2201733116 19.6047755871 19.7002941084 1.07626083197 1.22529847419 1.23126838178
23213320 32 75520.992 75757.98 76370.001 19.453351585 19.6105080943 19.6720466807 1.21583447406 1.2256567559 1.22950291755
25534648 32 82972.05 83227.158 85574.865 19.0969331006 19.6356274955 19.6959997011 1.19355831879 1.22722671847 1.23099998132
28088112 32 91128.111 91595.173 92061.043 19.5266000625 19.6259159639 19.7265053371 1.22041250391 1.22661974775 1.23290658357
30896920 32 100733.995 101254.94 103250.027 19.1515967352 19.5289521677 19.629945978 1.19697479595 1.22055951048 1.22687162363
33986608 16 55598.974 55677.891 56318.998 19.3109162915 19.5332731982 19.5609986616 1.20693226822 1.22082957488 1.22256241635
37385264 16 60752.153 61298.132 61661.005 19.4017020644 19.516556361 19.6919514606 1.21260637902 1.21978477256 1.23074696628
41123784 16 67194.939 67585.945 67707.062 19.4360979361 19.4709282825 19.584229223 1.21475612101 1.21693301766 1.22401432644
45236160 16 74054.956 74403.048 74631.929 19.39594942 19.4556158506 19.5470661005 1.21224683875 1.21597599066 1.22169163128
49759776 16 80998.182 81683.874 81722.021 19.4845013928 19.4936008055 19.658624338 1.21778133705 1.21835005034 1.22866402113
54735752 16 89049.816 90088.129 95973.015 18.2503807346 19.442562338 19.6692609 1.14064879591 1.21516014613 1.22932880625
60209320 16 97935.915 98833.084 98933.935 19.474594233 19.4944664481 19.6730508925 1.21716213956 1.21840415301 1.22956568078
66230248 16 107808.828 107886.076 108618.021 19.5121207005 19.6444992216 19.6585750473 1.21950754378 1.22778120135 1.22866094046
72853272 8 59530.973 59735.06 63338.995 18.4033919705 19.5137052177 19.5806030585 1.15021199815 1.2196065761 1.22378769116
80138592 8 65155.983 65375.09 66824.198 19.1879215969 19.6132421692 19.6791977185 1.19924509981 1.22582763557 1.22994985741
88152448 8 71683.884 74162.96 75698.137 18.6324158546 19.0181077994 19.6758195747 1.16452599091 1.18863173746 1.22973872342
96967688 8 78907.013 79321.146 81950.903 18.9318598234 19.5595132728 19.6621687859 1.18324123896 1.22246957955 1.22888554912
106664456 8 86893.797 87527.037 90615.034 18.8338647646 19.4983327952 19.6404272217 1.17711654779 1.2186457997 1.22752670136
117330896 8 96091.986 98091.125 98398.924 19.0784030931 19.1382689922 19.5364297705 1.19240019332 1.19614181201 1.22102686066
129063984 8 105525.017 105830.908 106544.018 19.3818834953 19.5124825349 19.5690444096 1.21136771846 1.21953015843 1.2230652756
141970376 4 58004.141 58815.002 58835.03 19.3041969724 19.3107705412 19.5807228315 1.20651231078 1.20692315882 1.22379517697
156167408 4 63461.065 63895.941 65593.958 19.0465601115 19.5527171906 19.6867049741 1.19041000697 1.22204482441 1.23041906088
171784144 4 70843.935 71959.019 82076.073 16.7438950448 19.0979973198 19.3985999225 1.0464934403 1.19362483249 1.21241249516
188962552 4 76844.931 77174.187 77260.017 19.5664002507 19.5881612073 19.6720902254 1.22290001567 1.22426007546 1.22950563909
207858800 4 85084.2 85689.068 85714.817 19.4000344188 19.4058640012 19.543821297 1.21250215117 1.21286650008 1.22148883106
228644680 4 92751.026 93439.102 95474.005 19.1586960241 19.5759312841 19.7211558609 1.19741850151 1.22349570526 1.2325722413
251509144 4 102421.999 102807.045 102905.035 19.5527182125 19.5713547841 19.6449314761 1.22204488828 1.22320967401 1.22780821726
276660056 2 56595.087 56617.022 57969.093 19.0901766222 19.5460690956 19.5536447183 1.19313603889 1.22162931848 1.22210279489
304326056 2 61767.101 62024.832 62470.913 19.4859361828 19.6260785358 19.7079708177 1.21787101143 1.22662990849 1.2317481761
334758656 2 67923.069 67997.932 71980.0 18.6028705752 19.6922845242 19.7139888364 1.16267941095 1.23076778276 1.23212430227
368234520 2 74851.036 75075.15 75229.168 19.5793482656 19.6195156453 19.6782590958 1.2237092666 1.22621972783 1.22989119349
405057968 2 82751.989 82938.91 83124.876 19.4915403182 19.5352443383 19.5793707388 1.21822126989 1.22095277114 1.22371067117
445563760 2 90976.954 91377.974 92341.185 19.3007598939 19.5042083117 19.5901814871 1.20629749337 1.21901301948 1.22438634294
490120136 2 99145.889 100058.079 101006.031 19.4095394561 19.5934257742 19.7736947419 1.21309621601 1.22458911089 1.23585592137
539132144 1 54656.029 54965.973 55281.878 19.5048418579 19.6169417032 19.7281856682 1.21905261612 1.22605885645 1.23301160426
593045352 1 60063.124 60136.08 60512.781 19.600664263 19.7234456253 19.7474028157 1.22504151644 1.23271535158 1.23421267598
652349880 1 66182.852 66259.861 66733.122 19.5510073693 19.6906504226 19.7135620568 1.22193796058 1.23066565141 1.23209762855
717584864 1 72851.181 73246.002 74666.977 19.2209432558 19.5938302271 19.7000200724 1.20130895349 1.22461438919 1.23125125453
789343344 1 81008.911 81367.97 81954.956 19.2628580998 19.4018197578 19.4878152108 1.20392863123 1.21261373486 1.21798845068
868277672 1 90067.148 90574.026 91285.944 19.0232501074 19.1727741461 19.2806742809 1.18895313171 1.19829838413 1.20504214256
955105432 1 99332.809 99422.216 99441.051 19.2094798354 19.2131189673 19.2304122196 1.20059248972 1.20081993546 1.20190076372
1050615968 1 109045.982 109920.025 109930.992 19.1140996526 19.1160067149 19.2692284251 1.19463122829 1.19475041968 1.20432677657

META_DATA
ERT_VERSION  1.1.0
HOSTNAME  ('c4ba798bf1f2', [], ['172.17.0.9'])
UNAME  ('Linux', 'c4ba798bf1f2', '4.9.12-moby', '#1 SMP Tue Feb 28 12:11:36 UTC 2017', 'x86_64', 'x86_64')
OPENMP_THREADS 1
TIMESTAMP_DATA  1494194388.84
FLOPS          1
CONFIG  {'ERT_WORKING_SET_MIN': ['1'], 'ERT_CFLAGS': ['-Ofast', '-march=native'], 'ERT_CC': ['cc'], 'ERT_MPI_CFLAGS': [], 'ERT_MPI_LDFLAGS': [], 'ERT_MEMORY_MAX': ['1073741824', '#', '1GB'], 'ERT_LDFLAGS': [], 'ERT_LDLIBS': [], 'ERT_RUN': ['export', 'OMP_NUM_THREADS=ERT_OPENMP_THREADS', ';', './ERT_CODE'], 'ERT_FLOPS': ['1,4,16,32,64'], 'ERT_OPENMP_CFLAGS': ['-fopenmp'], 'ERT_MPI': ['False'], 'ERT_TRIALS_MIN': ['1'], 'ERT_DRIVER': ['driver1'], 'ERT_RESULTS': ['Results'], 'ERT_OPENMP': ['True'], 'ERT_OPENMP_THREADS': ['1,2,4,8', '#', ',16'], 'ERT_KERNEL': ['kernel1'], 'ERT_GPU': [False], 'ERT_LD': ['cc'], 'ERT_NUM_EXPERIMENTS': ['3'], 'ERT_OPENMP_LDFLAGS': ['-fopenmp'], 'ERT_ALIGN': ['64'], 'ERT_GNUPLOT': ['gnuplot']}
TIMESTAMP_DATA  1494194370.52
TIMESTAMP_DATA  1494194406.31
